[#<Coin id: 1716610, time_unix: 1539270000, symbol: "BCX", open: 0.003606, high: 0.008858, low: 0.003513, close: 0.008358, volume: 178476.0, marketcap: 0.0, created_at: "2018-10-13 08:38:40", updated_at: "2018-10-13 08:38:40">, #<Coin id: 1716611, time_unix: 1539183600, symbol: "BCX", open: 0.003981, high: 0.004034, low: 0.003493, close: 0.003661, volume: 145764.0, marketcap: 0.0, created_at: "2018-10-13 08:38:40", updated_at: "2018-10-13 08:38:40">, #<Coin id: 1716612, time_unix: 1539097200, symbol: "BCX", open: 0.004185, high: 0.004502, low: 0.003904, close: 0.00395, volume: 119666.0, marketcap: 0.0, created_at: "2018-10-13 08:38:40", updated_at: "2018-10-13 08:38:40">, #<Coin id: 1716613, time_unix: 1539010800, symbol: "BCX", open: 0.004244, high: 0.00444, low: 0.004009, close: 0.004273, volume: 162926.0, marketcap: 0.0, created_at: "2018-10-13 08:38:40", updated_at: "2018-10-13 08:38:40">, #<Coin id: 1716614, time_unix: 1538924400, symbol: "BCX", open: 0.004091, high: 0.004397, low: 0.004045, close: 0.00422, volume: 176425.0, marketcap: 0.0, created_at: "2018-10-13 08:38:40", updated_at: "2018-10-13 08:38:40">, #<Coin id: 1716615, time_unix: 1538838000, symbol: "BCX", open: 0.004597, high: 0.004765, low: 0.004014, close: 0.00405, volume: 325329.0, marketcap: 0.0, created_at: "2018-10-13 08:38:40", updated_at: "2018-10-13 08:38:40">, #<Coin id: 1716616, time_unix: 1538751600, symbol: "BCX", open: 0.003982, high: 0.005305, low: 0.003939, close: 0.00462, volume: 769190.0, marketcap: 0.0, created_at: "2018-10-13 08:38:40", updated_at: "2018-10-13 08:38:40">, #<Coin id: 1716617, time_unix: 1538665200, symbol: "BCX", open: 0.004226, high: 0.004483, low: 0.003856, close: 0.00404, volume: 229422.0, marketcap: 0.0, created_at: "2018-10-13 08:38:40", updated_at: "2018-10-13 08:38:40">, #<Coin id: 1716618, time_unix: 1538578800, symbol: "BCX", open: 0.004548, high: 0.004969, low: 0.004029, close: 0.004194, volume: 169599.0, marketcap: 0.0, created_at: "2018-10-13 08:38:40", updated_at: "2018-10-13 08:38:40">, #<Coin id: 1716619, time_unix: 1538492400, symbol: "BCX", open: 0.004313, high: 0.004792, low: 0.004009, close: 0.004218, volume: 81906.0, marketcap: 0.0, created_at: "2018-10-13 08:38:40", updated_at: "2018-10-13 08:38:40">, #<Coin id: 1716620, time_unix: 1538406000, symbol: "BCX", open: 0.004704, high: 0.004791, low: 0.004113, close: 0.004222, volume: 138288.0, marketcap: 0.0, created_at: "2018-10-13 08:38:40", updated_at: "2018-10-13 08:38:40">, #<Coin id: 1716621, time_unix: 1538319600, symbol: "BCX", open: 0.00511, high: 0.005421, low: 0.0043, close: 0.00463, volume: 115453.0, marketcap: 0.0, created_at: "2018-10-13 08:38:40", updated_at: "2018-10-13 08:38:40">, #<Coin id: 1716622, time_unix: 1538233200, symbol: "BCX", open: 0.004537, high: 0.005583, low: 0.004324, close: 0.004855, volume: 99414.0, marketcap: 0.0, created_at: "2018-10-13 08:38:40", updated_at: "2018-10-13 08:38:40">, #<Coin id: 1716623, time_unix: 1538146800, symbol: "BCX", open: 0.004539, high: 0.005802, low: 0.004234, close: 0.004775, volume: 109705.0, marketcap: 0.0, created_at: "2018-10-13 08:38:40", updated_at: "2018-10-13 08:38:40">, #<Coin id: 1716624, time_unix: 1538060400, symbol: "BCX", open: 0.004493, high: 0.004728, low: 0.004107, close: 0.00454, volume: 117709.0, marketcap: 0.0, created_at: "2018-10-13 08:38:40", updated_at: "2018-10-13 08:38:40">, #<Coin id: 1716625, time_unix: 1537974000, symbol: "BCX", open: 0.00415, high: 0.004815, low: 0.003889, close: 0.004641, volume: 120800.0, marketcap: 0.0, created_at: "2018-10-13 08:38:40", updated_at: "2018-10-13 08:38:40">, #<Coin id: 1716626, time_unix: 1537887600, symbol: "BCX", open: 0.00419, high: 0.004489, low: 0.003921, close: 0.004003, volume: 123509.0, marketcap: 0.0, created_at: "2018-10-13 08:38:40", updated_at: "2018-10-13 08:38:40">, #<Coin id: 1716627, time_unix: 1537801200, symbol: "BCX", open: 0.004393, high: 0.004632, low: 0.003919, close: 0.004243, volume: 105006.0, marketcap: 0.0, created_at: "2018-10-13 08:38:40", updated_at: "2018-10-13 08:38:40">, #<Coin id: 1716628, time_unix: 1537714800, symbol: "BCX", open: 0.003892, high: 0.00492, low: 0.003781, close: 0.004145, volume: 126829.0, marketcap: 0.0, created_at: "2018-10-13 08:38:40", updated_at: "2018-10-13 08:38:40">, #<Coin id: 1716629, time_unix: 1537628400, symbol: "BCX", open: 0.004755, high: 0.004765, low: 0.003669, close: 0.003897, volume: 189676.0, marketcap: 0.0, created_at: "2018-10-13 08:38:40", updated_at: "2018-10-13 08:38:40">, #<Coin id: 1716630, time_unix: 1537542000, symbol: "BCX", open: 0.004387, high: 0.005031, low: 0.003989, close: 0.004734, volume: 93124.0, marketcap: 0.0, created_at: "2018-10-13 08:38:40", updated_at: "2018-10-13 08:38:40">, #<Coin id: 1716631, time_unix: 1537455600, symbol: "BCX", open: 0.004282, high: 0.004421, low: 0.004038, close: 0.004397, volume: 147262.0, marketcap: 0.0, created_at: "2018-10-13 08:38:40", updated_at: "2018-10-13 08:38:40">, #<Coin id: 1716632, time_unix: 1537369200, symbol: "BCX", open: 0.004133, high: 0.004484, low: 0.003847, close: 0.004276, volume: 84868.0, marketcap: 0.0, created_at: "2018-10-13 08:38:40", updated_at: "2018-10-13 08:38:40">, #<Coin id: 1716633, time_unix: 1537282800, symbol: "BCX", open: 0.003507, high: 0.004204, low: 0.003236, close: 0.003927, volume: 65078.0, marketcap: 0.0, created_at: "2018-10-13 08:38:40", updated_at: "2018-10-13 08:38:40">, #<Coin id: 1716634, time_unix: 1537196400, symbol: "BCX", open: 0.004032, high: 0.004156, low: 0.003301, close: 0.003451, volume: 103032.0, marketcap: 0.0, created_at: "2018-10-13 08:38:40", updated_at: "2018-10-13 08:38:40">, #<Coin id: 1716635, time_unix: 1537110000, symbol: "BCX", open: 0.003851, high: 0.004321, low: 0.003556, close: 0.00393, volume: 123307.0, marketcap: 0.0, created_at: "2018-10-13 08:38:40", updated_at: "2018-10-13 08:38:40">, #<Coin id: 1716636, time_unix: 1537023600, symbol: "BCX", open: 0.004213, high: 0.00422, low: 0.003375, close: 0.003653, volume: 97190.0, marketcap: 0.0, created_at: "2018-10-13 08:38:40", updated_at: "2018-10-13 08:38:40">, #<Coin id: 1716637, time_unix: 1536937200, symbol: "BCX", open: 0.004225, high: 0.004355, low: 0.003852, close: 0.004093, volume: 85807.0, marketcap: 0.0, created_at: "2018-10-13 08:38:40", updated_at: "2018-10-13 08:38:40">, #<Coin id: 1716638, time_unix: 1536850800, symbol: "BCX", open: 0.004057, high: 0.004257, low: 0.003709, close: 0.004053, volume: 97561.0, marketcap: 0.0, created_at: "2018-10-13 08:38:40", updated_at: "2018-10-13 08:38:40">, #<Coin id: 1716639, time_unix: 1536764400, symbol: "BCX", open: 0.003613, high: 0.004227, low: 0.003472, close: 0.004078, volume: 120499.0, marketcap: 0.0, created_at: "2018-10-13 08:38:40", updated_at: "2018-10-13 08:38:40">, #<Coin id: 1716640, time_unix: 1536678000, symbol: "BCX", open: 0.003807, high: 0.004022, low: 0.00327, close: 0.003592, volume: 124667.0, marketcap: 0.0, created_at: "2018-10-13 08:38:40", updated_at: "2018-10-13 08:38:40">, #<Coin id: 1716641, time_unix: 1536591600, symbol: "BCX", open: 0.003839, high: 0.003993, low: 0.003546, close: 0.003633, volume: 112732.0, marketcap: 0.0, created_at: "2018-10-13 08:38:40", updated_at: "2018-10-13 08:38:40">, #<Coin id: 1716642, time_unix: 1536505200, symbol: "BCX", open: 0.003872, high: 0.004122, low: 0.003665, close: 0.003775, volume: 180887.0, marketcap: 0.0, created_at: "2018-10-13 08:38:40", updated_at: "2018-10-13 08:38:40">, #<Coin id: 1716643, time_unix: 1536418800, symbol: "BCX", open: 0.003881, high: 0.004094, low: 0.003693, close: 0.003833, volume: 188983.0, marketcap: 0.0, created_at: "2018-10-13 08:38:40", updated_at: "2018-10-13 08:38:40">, #<Coin id: 1716644, time_unix: 1536332400, symbol: "BCX", open: 0.003913, high: 0.004063, low: 0.003544, close: 0.003954, volume: 151515.0, marketcap: 0.0, created_at: "2018-10-13 08:38:40", updated_at: "2018-10-13 08:38:40">, #<Coin id: 1716645, time_unix: 1536246000, symbol: "BCX", open: 0.003857, high: 0.00456, low: 0.003848, close: 0.003981, volume: 455894.0, marketcap: 0.0, created_at: "2018-10-13 08:38:40", updated_at: "2018-10-13 08:38:40">, #<Coin id: 1716646, time_unix: 1536159600, symbol: "BCX", open: 0.003659, high: 0.004347, low: 0.003229, close: 0.003837, volume: 466302.0, marketcap: 0.0, created_at: "2018-10-13 08:38:40", updated_at: "2018-10-13 08:38:40">, #<Coin id: 1716647, time_unix: 1536073200, symbol: "BCX", open: 0.004088, high: 0.0052, low: 0.003622, close: 0.003713, volume: 1408760.0, marketcap: 0.0, created_at: "2018-10-13 08:38:40", updated_at: "2018-10-13 08:38:40">, #<Coin id: 1716648, time_unix: 1535986800, symbol: "BCX", open: 0.004938, high: 0.004984, low: 0.004072, close: 0.004418, volume: 114679.0, marketcap: 0.0, created_at: "2018-10-13 08:38:40", updated_at: "2018-10-13 08:38:40">, #<Coin id: 1716649, time_unix: 1535900400, symbol: "BCX", open: 0.004401, high: 0.005109, low: 0.003984, close: 0.004639, volume: 106049.0, marketcap: 0.0, created_at: "2018-10-13 08:38:40", updated_at: "2018-10-13 08:38:40">, #<Coin id: 1716650, time_unix: 1535814000, symbol: "BCX", open: 0.004391, high: 0.004826, low: 0.004126, close: 0.004648, volume: 143489.0, marketcap: 0.0, created_at: "2018-10-13 08:38:40", updated_at: "2018-10-13 08:38:40">, #<Coin id: 1716651, time_unix: 1535727600, symbol: "BCX", open: 0.004282, high: 0.004509, low: 0.003898, close: 0.004415, volume: 167364.0, marketcap: 0.0, created_at: "2018-10-13 08:38:40", updated_at: "2018-10-13 08:38:40">, #<Coin id: 1716652, time_unix: 1535641200, symbol: "BCX", open: 0.004445, high: 0.004739, low: 0.004132, close: 0.004371, volume: 143425.0, marketcap: 0.0, created_at: "2018-10-13 08:38:40", updated_at: "2018-10-13 08:38:40">, #<Coin id: 1716653, time_unix: 1535554800, symbol: "BCX", open: 0.004703, high: 0.004846, low: 0.004128, close: 0.00441, volume: 387818.0, marketcap: 0.0, created_at: "2018-10-13 08:38:40", updated_at: "2018-10-13 08:38:40">, #<Coin id: 1716654, time_unix: 1535468400, symbol: "BCX", open: 0.003457, high: 0.004793, low: 0.003152, close: 0.004641, volume: 210144.0, marketcap: 0.0, created_at: "2018-10-13 08:38:40", updated_at: "2018-10-13 08:38:40">, #<Coin id: 1716655, time_unix: 1535382000, symbol: "BCX", open: 0.003605, high: 0.003786, low: 0.003265, close: 0.00347, volume: 85861.0, marketcap: 0.0, created_at: "2018-10-13 08:38:40", updated_at: "2018-10-13 08:38:40">, #<Coin id: 1716656, time_unix: 1535295600, symbol: "BCX", open: 0.003557, high: 0.004247, low: 0.003472, close: 0.003646, volume: 77848.0, marketcap: 0.0, created_at: "2018-10-13 08:38:40", updated_at: "2018-10-13 08:38:40">, #<Coin id: 1716657, time_unix: 1535209200, symbol: "BCX", open: 0.003507, high: 0.003932, low: 0.002967, close: 0.003932, volume: 99865.0, marketcap: 0.0, created_at: "2018-10-13 08:38:40", updated_at: "2018-10-13 08:38:40">, #<Coin id: 1716658, time_unix: 1535122800, symbol: "BCX", open: 0.003897, high: 0.004023, low: 0.003341, close: 0.00352, volume: 123260.0, marketcap: 0.0, created_at: "2018-10-13 08:38:40", updated_at: "2018-10-13 08:38:40">, #<Coin id: 1716659, time_unix: 1535036400, symbol: "BCX", open: 0.003774, high: 0.004188, low: 0.003636, close: 0.003857, volume: 264599.0, marketcap: 0.0, created_at: "2018-10-13 08:38:40", updated_at: "2018-10-13 08:38:40">, #<Coin id: 1716660, time_unix: 1534950000, symbol: "BCX", open: 0.004587, high: 0.004594, low: 0.003405, close: 0.003704, volume: 478903.0, marketcap: 0.0, created_at: "2018-10-13 08:38:40", updated_at: "2018-10-13 08:38:40">, #<Coin id: 1716661, time_unix: 1534863600, symbol: "BCX", open: 0.00506, high: 0.005389, low: 0.004278, close: 0.00444, volume: 91273.0, marketcap: 0.0, created_at: "2018-10-13 08:38:40", updated_at: "2018-10-13 08:38:40">, #<Coin id: 1716662, time_unix: 1534777200, symbol: "BCX", open: 0.004735, high: 0.005206, low: 0.004347, close: 0.0051, volume: 143556.0, marketcap: 0.0, created_at: "2018-10-13 08:38:40", updated_at: "2018-10-13 08:38:40">, #<Coin id: 1716663, time_unix: 1534690800, symbol: "BCX", open: 0.004768, high: 0.005004, low: 0.004434, close: 0.004584, volume: 92935.0, marketcap: 0.0, created_at: "2018-10-13 08:38:40", updated_at: "2018-10-13 08:38:40">, #<Coin id: 1716664, time_unix: 1534604400, symbol: "BCX", open: 0.005019, high: 0.005235, low: 0.004387, close: 0.004765, volume: 113846.0, marketcap: 0.0, created_at: "2018-10-13 08:38:40", updated_at: "2018-10-13 08:38:40">, #<Coin id: 1716665, time_unix: 1534518000, symbol: "BCX", open: 0.005149, high: 0.005512, low: 0.00491, close: 0.005062, volume: 246008.0, marketcap: 0.0, created_at: "2018-10-13 08:38:40", updated_at: "2018-10-13 08:38:40">, #<Coin id: 1716666, time_unix: 1534431600, symbol: "BCX", open: 0.004998, high: 0.005466, low: 0.004825, close: 0.005127, volume: 209627.0, marketcap: 0.0, created_at: "2018-10-13 08:38:40", updated_at: "2018-10-13 08:38:40">, #<Coin id: 1716667, time_unix: 1534345200, symbol: "BCX", open: 0.003777, high: 0.005116, low: 0.003407, close: 0.005067, volume: 238926.0, marketcap: 0.0, created_at: "2018-10-13 08:38:40", updated_at: "2018-10-13 08:38:40">, #<Coin id: 1716668, time_unix: 1534258800, symbol: "BCX", open: 0.004735, high: 0.004886, low: 0.0037, close: 0.0037, volume: 191591.0, marketcap: 0.0, created_at: "2018-10-13 08:38:40", updated_at: "2018-10-13 08:38:40">, #<Coin id: 1716669, time_unix: 1534172400, symbol: "BCX", open: 0.004971, high: 0.005023, low: 0.004333, close: 0.004488, volume: 194587.0, marketcap: 0.0, created_at: "2018-10-13 08:38:40", updated_at: "2018-10-13 08:38:40">, #<Coin id: 1716670, time_unix: 1534086000, symbol: "BCX", open: 0.004802, high: 0.005216, low: 0.004671, close: 0.004903, volume: 181706.0, marketcap: 0.0, created_at: "2018-10-13 08:38:40", updated_at: "2018-10-13 08:38:40">, #<Coin id: 1716671, time_unix: 1533999600, symbol: "BCX", open: 0.00491, high: 0.00497, low: 0.004475, close: 0.004904, volume: 184689.0, marketcap: 0.0, created_at: "2018-10-13 08:38:40", updated_at: "2018-10-13 08:38:40">, #<Coin id: 1716672, time_unix: 1533913200, symbol: "BCX", open: 0.005211, high: 0.005353, low: 0.004786, close: 0.004806, volume: 213916.0, marketcap: 0.0, created_at: "2018-10-13 08:38:40", updated_at: "2018-10-13 08:38:40">, #<Coin id: 1716673, time_unix: 1533826800, symbol: "BCX", open: 0.005901, high: 0.00638, low: 0.004904, close: 0.005175, volume: 438263.0, marketcap: 0.0, created_at: "2018-10-13 08:38:40", updated_at: "2018-10-13 08:38:40">, #<Coin id: 1716674, time_unix: 1533740400, symbol: "BCX", open: 0.005179, high: 0.006385, low: 0.004942, close: 0.005824, volume: 536827.0, marketcap: 0.0, created_at: "2018-10-13 08:38:40", updated_at: "2018-10-13 08:38:40">, #<Coin id: 1716675, time_unix: 1533654000, symbol: "BCX", open: 0.005727, high: 0.006013, low: 0.005067, close: 0.005166, volume: 358216.0, marketcap: 0.0, created_at: "2018-10-13 08:38:40", updated_at: "2018-10-13 08:38:40">, #<Coin id: 1716676, time_unix: 1533567600, symbol: "BCX", open: 0.006808, high: 0.007523, low: 0.00569, close: 0.005803, volume: 492580.0, marketcap: 0.0, created_at: "2018-10-13 08:38:40", updated_at: "2018-10-13 08:38:40">, #<Coin id: 1716677, time_unix: 1533481200, symbol: "BCX", open: 0.007135, high: 0.009217, low: 0.006565, close: 0.006746, volume: 1488050.0, marketcap: 0.0, created_at: "2018-10-13 08:38:40", updated_at: "2018-10-13 08:38:40">, #<Coin id: 1716678, time_unix: 1533394800, symbol: "BCX", open: 0.005225, high: 0.007879, low: 0.004829, close: 0.007183, volume: 597300.0, marketcap: 0.0, created_at: "2018-10-13 08:38:40", updated_at: "2018-10-13 08:38:40">, #<Coin id: 1716679, time_unix: 1533308400, symbol: "BCX", open: 0.005626, high: 0.006278, low: 0.004831, close: 0.005188, volume: 142836.0, marketcap: 0.0, created_at: "2018-10-13 08:38:40", updated_at: "2018-10-13 08:38:40">, #<Coin id: 1716680, time_unix: 1533222000, symbol: "BCX", open: 0.006009, high: 0.006679, low: 0.005228, close: 0.005329, volume: 129415.0, marketcap: 0.0, created_at: "2018-10-13 08:38:40", updated_at: "2018-10-13 08:38:40">, #<Coin id: 1716681, time_unix: 1533135600, symbol: "BCX", open: 0.006277, high: 0.007333, low: 0.005744, close: 0.006152, volume: 128434.0, marketcap: 0.0, created_at: "2018-10-13 08:38:40", updated_at: "2018-10-13 08:38:40">, #<Coin id: 1716682, time_unix: 1533049200, symbol: "BCX", open: 0.007208, high: 0.007211, low: 0.005861, close: 0.006285, volume: 144276.0, marketcap: 0.0, created_at: "2018-10-13 08:38:40", updated_at: "2018-10-13 08:38:40">, #<Coin id: 1716683, time_unix: 1532962800, symbol: "BCX", open: 0.007144, high: 0.007277, low: 0.005702, close: 0.007043, volume: 201400.0, marketcap: 0.0, created_at: "2018-10-13 08:38:40", updated_at: "2018-10-13 08:38:40">, #<Coin id: 1716684, time_unix: 1532876400, symbol: "BCX", open: 0.006846, high: 0.007695, low: 0.006026, close: 0.007112, volume: 168657.0, marketcap: 0.0, created_at: "2018-10-13 08:38:40", updated_at: "2018-10-13 08:38:40">, #<Coin id: 1716685, time_unix: 1532790000, symbol: "BCX", open: 0.007093, high: 0.007327, low: 0.006583, close: 0.006743, volume: 237921.0, marketcap: 0.0, created_at: "2018-10-13 08:38:40", updated_at: "2018-10-13 08:38:40">, #<Coin id: 1716686, time_unix: 1532703600, symbol: "BCX", open: 0.006897, high: 0.007275, low: 0.006331, close: 0.007171, volume: 230404.0, marketcap: 0.0, created_at: "2018-10-13 08:38:40", updated_at: "2018-10-13 08:38:40">, #<Coin id: 1716687, time_unix: 1532617200, symbol: "BCX", open: 0.00733, high: 0.007787, low: 0.006717, close: 0.006949, volume: 914833.0, marketcap: 0.0, created_at: "2018-10-13 08:38:40", updated_at: "2018-10-13 08:38:40">, #<Coin id: 1716688, time_unix: 1532530800, symbol: "BCX", open: 0.007241, high: 0.007899, low: 0.006791, close: 0.006904, volume: 254472.0, marketcap: 0.0, created_at: "2018-10-13 08:38:40", updated_at: "2018-10-13 08:38:40">, #<Coin id: 1716689, time_unix: 1532444400, symbol: "BCX", open: 0.007421, high: 0.007817, low: 0.006931, close: 0.007114, volume: 343736.0, marketcap: 0.0, created_at: "2018-10-13 08:38:40", updated_at: "2018-10-13 08:38:40">, #<Coin id: 1716690, time_unix: 1532358000, symbol: "BCX", open: 0.007699, high: 0.008073, low: 0.007352, close: 0.00753, volume: 410640.0, marketcap: 0.0, created_at: "2018-10-13 08:38:40", updated_at: "2018-10-13 08:38:40">, #<Coin id: 1716691, time_unix: 1532271600, symbol: "BCX", open: 0.00795, high: 0.008099, low: 0.0076, close: 0.007628, volume: 299365.0, marketcap: 0.0, created_at: "2018-10-13 08:38:40", updated_at: "2018-10-13 08:38:40">, #<Coin id: 1716692, time_unix: 1532185200, symbol: "BCX", open: 0.008113, high: 0.008312, low: 0.007754, close: 0.007967, volume: 312307.0, marketcap: 0.0, created_at: "2018-10-13 08:38:40", updated_at: "2018-10-13 08:38:40">, #<Coin id: 1716693, time_unix: 1532098800, symbol: "BCX", open: 0.008187, high: 0.008394, low: 0.007866, close: 0.008089, volume: 377513.0, marketcap: 0.0, created_at: "2018-10-13 08:38:40", updated_at: "2018-10-13 08:38:40">, #<Coin id: 1716694, time_unix: 1532012400, symbol: "BCX", open: 0.008772, high: 0.009017, low: 0.007931, close: 0.008133, volume: 641102.0, marketcap: 0.0, created_at: "2018-10-13 08:38:40", updated_at: "2018-10-13 08:38:40">, #<Coin id: 1716695, time_unix: 1531926000, symbol: "BCX", open: 0.007539, high: 0.009569, low: 0.007354, close: 0.0088, volume: 1464640.0, marketcap: 0.0, created_at: "2018-10-13 08:38:40", updated_at: "2018-10-13 08:38:40">, #<Coin id: 1716696, time_unix: 1531839600, symbol: "BCX", open: 0.008111, high: 0.008532, low: 0.007268, close: 0.007497, volume: 592527.0, marketcap: 0.0, created_at: "2018-10-13 08:38:40", updated_at: "2018-10-13 08:38:40">, #<Coin id: 1716697, time_unix: 1531753200, symbol: "BCX", open: 0.008856, high: 0.008984, low: 0.007541, close: 0.008163, volume: 999400.0, marketcap: 0.0, created_at: "2018-10-13 08:38:40", updated_at: "2018-10-13 08:38:40">, #<Coin id: 1716698, time_unix: 1531666800, symbol: "BCX", open: 0.00863, high: 0.010411, low: 0.008567, close: 0.008848, volume: 865025.0, marketcap: 0.0, created_at: "2018-10-13 08:38:40", updated_at: "2018-10-13 08:38:40">, #<Coin id: 1716699, time_unix: 1531580400, symbol: "BCX", open: 0.009819, high: 0.010303, low: 0.008275, close: 0.008557, volume: 2028710.0, marketcap: 0.0, created_at: "2018-10-13 08:38:40", updated_at: "2018-10-13 08:38:40">, #<Coin id: 1716700, time_unix: 1531494000, symbol: "BCX", open: 0.008622, high: 0.010056, low: 0.0078, close: 0.009891, volume: 1783300.0, marketcap: 0.0, created_at: "2018-10-13 08:38:40", updated_at: "2018-10-13 08:38:40">, #<Coin id: 1716701, time_unix: 1531407600, symbol: "BCX", open: 0.010312, high: 0.011544, low: 0.008392, close: 0.008645, volume: 1355980.0, marketcap: 0.0, created_at: "2018-10-13 08:38:40", updated_at: "2018-10-13 08:38:40">, #<Coin id: 1716702, time_unix: 1531321200, symbol: "BCX", open: 0.012099, high: 0.014433, low: 0.010153, close: 0.010415, volume: 3505390.0, marketcap: 0.0, created_at: "2018-10-13 08:38:40", updated_at: "2018-10-13 08:38:40">, #<Coin id: 1716703, time_unix: 1531234800, symbol: "BCX", open: 0.014324, high: 0.01849, low: 0.011848, close: 0.012046, volume: 7903100.0, marketcap: 0.0, created_at: "2018-10-13 08:38:40", updated_at: "2018-10-13 08:38:40">, #<Coin id: 1716704, time_unix: 1531148400, symbol: "BCX", open: 0.009295, high: 0.016081, low: 0.008378, close: 0.01402, volume: 5774880.0, marketcap: 0.0, created_at: "2018-10-13 08:38:40", updated_at: "2018-10-13 08:38:40">, #<Coin id: 1716705, time_unix: 1531062000, symbol: "BCX", open: 0.007723, high: 0.013808, low: 0.007622, close: 0.009296, volume: 5341170.0, marketcap: 0.0, created_at: "2018-10-13 08:38:40", updated_at: "2018-10-13 08:38:40">, #<Coin id: 1716706, time_unix: 1530975600, symbol: "BCX", open: 0.007876, high: 0.00828, low: 0.006743, close: 0.007791, volume: 853308.0, marketcap: 0.0, created_at: "2018-10-13 08:38:40", updated_at: "2018-10-13 08:38:40">, #<Coin id: 1716707, time_unix: 1530889200, symbol: "BCX", open: 0.009717, high: 0.011312, low: 0.007276, close: 0.007762, volume: 1058930.0, marketcap: 0.0, created_at: "2018-10-13 08:38:40", updated_at: "2018-10-13 08:38:40">, #<Coin id: 1716708, time_unix: 1530802800, symbol: "BCX", open: 0.009976, high: 0.011431, low: 0.009032, close: 0.010551, volume: 213225.0, marketcap: 0.0, created_at: "2018-10-13 08:38:40", updated_at: "2018-10-13 08:38:40">, #<Coin id: 1716709, time_unix: 1530716400, symbol: "BCX", open: 0.009298, high: 0.011068, low: 0.008956, close: 0.009274, volume: 187883.0, marketcap: 0.0, created_at: "2018-10-13 08:38:40", updated_at: "2018-10-13 08:38:40">, #<Coin id: 1716710, time_unix: 1530630000, symbol: "BCX", open: 0.009919, high: 0.011107, low: 0.00897, close: 0.010399, volume: 210545.0, marketcap: 0.0, created_at: "2018-10-13 08:38:40", updated_at: "2018-10-13 08:38:40">, #<Coin id: 1716711, time_unix: 1530543600, symbol: "BCX", open: 0.009203, high: 0.010004, low: 0.008514, close: 0.009264, volume: 246275.0, marketcap: 0.0, created_at: "2018-10-13 08:38:40", updated_at: "2018-10-13 08:38:40">, #<Coin id: 1716712, time_unix: 1530457200, symbol: "BCX", open: 0.009977, high: 0.011213, low: 0.008999, close: 0.009235, volume: 250051.0, marketcap: 0.0, created_at: "2018-10-13 08:38:40", updated_at: "2018-10-13 08:38:40">, #<Coin id: 1716713, time_unix: 1530370800, symbol: "BCX", open: 0.008541, high: 0.010908, low: 0.007962, close: 0.010688, volume: 221618.0, marketcap: 0.0, created_at: "2018-10-13 08:38:40", updated_at: "2018-10-13 08:38:40">, #<Coin id: 1716714, time_unix: 1530284400, symbol: "BCX", open: 0.010892, high: 0.011345, low: 0.007709, close: 0.00899, volume: 334334.0, marketcap: 0.0, created_at: "2018-10-13 08:38:40", updated_at: "2018-10-13 08:38:40">, #<Coin id: 1716715, time_unix: 1530198000, symbol: "BCX", open: 0.008481, high: 0.011178, low: 0.008481, close: 0.010684, volume: 199313.0, marketcap: 0.0, created_at: "2018-10-13 08:38:40", updated_at: "2018-10-13 08:38:40">, #<Coin id: 1716716, time_unix: 1530111600, symbol: "BCX", open: 0.009095, high: 0.011114, low: 0.008323, close: 0.009274, volume: 229955.0, marketcap: 0.0, created_at: "2018-10-13 08:38:40", updated_at: "2018-10-13 08:38:40">, #<Coin id: 1716717, time_unix: 1530025200, symbol: "BCX", open: 0.010473, high: 0.011617, low: 0.007697, close: 0.009248, volume: 193045.0, marketcap: 0.0, created_at: "2018-10-13 08:38:40", updated_at: "2018-10-13 08:38:40">, #<Coin id: 1716718, time_unix: 1529938800, symbol: "BCX", open: 0.010091, high: 0.011357, low: 0.008866, close: 0.010869, volume: 223440.0, marketcap: 0.0, created_at: "2018-10-13 08:38:40", updated_at: "2018-10-13 08:38:40">, #<Coin id: 1716719, time_unix: 1529852400, symbol: "BCX", open: 0.009208, high: 0.010546, low: 0.008409, close: 0.010119, volume: 222209.0, marketcap: 0.0, created_at: "2018-10-13 08:38:40", updated_at: "2018-10-13 08:38:40">, #<Coin id: 1716720, time_unix: 1529766000, symbol: "BCX", open: 0.011101, high: 0.011657, low: 0.008413, close: 0.008776, volume: 234015.0, marketcap: 0.0, created_at: "2018-10-13 08:38:40", updated_at: "2018-10-13 08:38:40">, #<Coin id: 1716721, time_unix: 1529679600, symbol: "BCX", open: 0.009358, high: 0.011406, low: 0.009096, close: 0.011133, volume: 196479.0, marketcap: 0.0, created_at: "2018-10-13 08:38:40", updated_at: "2018-10-13 08:38:40">, #<Coin id: 1716722, time_unix: 1529593200, symbol: "BCX", open: 0.012698, high: 0.013542, low: 0.009155, close: 0.009575, volume: 255863.0, marketcap: 0.0, created_at: "2018-10-13 08:38:40", updated_at: "2018-10-13 08:38:40">, #<Coin id: 1716723, time_unix: 1529506800, symbol: "BCX", open: 0.014808, high: 0.015422, low: 0.012803, close: 0.013283, volume: 346322.0, marketcap: 0.0, created_at: "2018-10-13 08:38:40", updated_at: "2018-10-13 08:38:40">, #<Coin id: 1716724, time_unix: 1529420400, symbol: "BCX", open: 0.014516, high: 0.015347, low: 0.013639, close: 0.014913, volume: 531250.0, marketcap: 0.0, created_at: "2018-10-13 08:38:40", updated_at: "2018-10-13 08:38:40">, #<Coin id: 1716725, time_unix: 1529334000, symbol: "BCX", open: 0.014777, high: 0.015435, low: 0.013663, close: 0.014068, volume: 580821.0, marketcap: 0.0, created_at: "2018-10-13 08:38:40", updated_at: "2018-10-13 08:38:40">, #<Coin id: 1716726, time_unix: 1529247600, symbol: "BCX", open: 0.015019, high: 0.015536, low: 0.013933, close: 0.014783, volume: 568545.0, marketcap: 0.0, created_at: "2018-10-13 08:38:40", updated_at: "2018-10-13 08:38:40">, #<Coin id: 1716727, time_unix: 1529161200, symbol: "BCX", open: 0.014741, high: 0.01554, low: 0.013883, close: 0.015061, volume: 529299.0, marketcap: 0.0, created_at: "2018-10-13 08:38:40", updated_at: "2018-10-13 08:38:40">, #<Coin id: 1716728, time_unix: 1529074800, symbol: "BCX", open: 0.01431, high: 0.014937, low: 0.013643, close: 0.014668, volume: 560441.0, marketcap: 0.0, created_at: "2018-10-13 08:38:40", updated_at: "2018-10-13 08:38:40">, #<Coin id: 1716729, time_unix: 1528988400, symbol: "BCX", open: 0.014263, high: 0.014862, low: 0.013509, close: 0.014364, volume: 551487.0, marketcap: 0.0, created_at: "2018-10-13 08:38:40", updated_at: "2018-10-13 08:38:40">, #<Coin id: 1716730, time_unix: 1528902000, symbol: "BCX", open: 0.013174, high: 0.014855, low: 0.012269, close: 0.014295, volume: 540605.0, marketcap: 0.0, created_at: "2018-10-13 08:38:40", updated_at: "2018-10-13 08:38:40">, #<Coin id: 1716731, time_unix: 1528815600, symbol: "BCX", open: 0.012954, high: 0.015069, low: 0.011952, close: 0.013066, volume: 514316.0, marketcap: 0.0, created_at: "2018-10-13 08:38:40", updated_at: "2018-10-13 08:38:40">, #<Coin id: 1716732, time_unix: 1528729200, symbol: "BCX", open: 0.015197, high: 0.015928, low: 0.012841, close: 0.013, volume: 589166.0, marketcap: 0.0, created_at: "2018-10-13 08:38:40", updated_at: "2018-10-13 08:38:40">, #<Coin id: 1716733, time_unix: 1528642800, symbol: "BCX", open: 0.013747, high: 0.015417, low: 0.013285, close: 0.014659, volume: 520779.0, marketcap: 0.0, created_at: "2018-10-13 08:38:40", updated_at: "2018-10-13 08:38:40">, #<Coin id: 1716734, time_unix: 1528556400, symbol: "BCX", open: 0.017487, high: 0.017667, low: 0.013176, close: 0.013584, volume: 651085.0, marketcap: 0.0, created_at: "2018-10-13 08:38:40", updated_at: "2018-10-13 08:38:40">, #<Coin id: 1716735, time_unix: 1528470000, symbol: "BCX", open: 0.017144, high: 0.019052, low: 0.01664, close: 0.017152, volume: 644588.0, marketcap: 0.0, created_at: "2018-10-13 08:38:40", updated_at: "2018-10-13 08:38:40">, #<Coin id: 1716736, time_unix: 1528383600, symbol: "BCX", open: 0.016077, high: 0.018115, low: 0.01497, close: 0.01721, volume: 719216.0, marketcap: 0.0, created_at: "2018-10-13 08:38:40", updated_at: "2018-10-13 08:38:40">, #<Coin id: 1716737, time_unix: 1528297200, symbol: "BCX", open: 0.015514, high: 0.016528, low: 0.014956, close: 0.015316, volume: 718273.0, marketcap: 0.0, created_at: "2018-10-13 08:38:40", updated_at: "2018-10-13 08:38:40">, #<Coin id: 1716738, time_unix: 1528210800, symbol: "BCX", open: 0.016005, high: 0.016175, low: 0.014412, close: 0.015954, volume: 715697.0, marketcap: 0.0, created_at: "2018-10-13 08:38:40", updated_at: "2018-10-13 08:38:40">, #<Coin id: 1716739, time_unix: 1528124400, symbol: "BCX", open: 0.017022, high: 0.017818, low: 0.014531, close: 0.01567, volume: 760665.0, marketcap: 0.0, created_at: "2018-10-13 08:38:40", updated_at: "2018-10-13 08:38:40">, #<Coin id: 1716740, time_unix: 1528038000, symbol: "BCX", open: 0.015718, high: 0.017977, low: 0.014336, close: 0.016618, volume: 693830.0, marketcap: 0.0, created_at: "2018-10-13 08:38:40", updated_at: "2018-10-13 08:38:40">, #<Coin id: 1716741, time_unix: 1527951600, symbol: "BCX", open: 0.013425, high: 0.016086, low: 0.013065, close: 0.015714, volume: 1020100.0, marketcap: 0.0, created_at: "2018-10-13 08:38:40", updated_at: "2018-10-13 08:38:40">, #<Coin id: 1716742, time_unix: 1527865200, symbol: "BCX", open: 0.013138, high: 0.014063, low: 0.011536, close: 0.013383, volume: 1126510.0, marketcap: 0.0, created_at: "2018-10-13 08:38:40", updated_at: "2018-10-13 08:38:40">, #<Coin id: 1716743, time_unix: 1527778800, symbol: "BCX", open: 0.016805, high: 0.018022, low: 0.012954, close: 0.013196, volume: 1194650.0, marketcap: 0.0, created_at: "2018-10-13 08:38:40", updated_at: "2018-10-13 08:38:40">, #<Coin id: 1716744, time_unix: 1527692400, symbol: "BCX", open: 0.018046, high: 0.019032, low: 0.016451, close: 0.017384, volume: 746925.0, marketcap: 0.0, created_at: "2018-10-13 08:38:40", updated_at: "2018-10-13 08:38:40">, #<Coin id: 1716745, time_unix: 1527606000, symbol: "BCX", open: 0.018112, high: 0.019028, low: 0.016359, close: 0.017473, volume: 679339.0, marketcap: 0.0, created_at: "2018-10-13 08:38:40", updated_at: "2018-10-13 08:38:40">, #<Coin id: 1716746, time_unix: 1527519600, symbol: "BCX", open: 0.016054, high: 0.019081, low: 0.016036, close: 0.018271, volume: 751774.0, marketcap: 0.0, created_at: "2018-10-13 08:38:40", updated_at: "2018-10-13 08:38:40">, #<Coin id: 1716747, time_unix: 1527433200, symbol: "BCX", open: 0.019097, high: 0.020381, low: 0.016024, close: 0.016758, volume: 679321.0, marketcap: 0.0, created_at: "2018-10-13 08:38:40", updated_at: "2018-10-13 08:38:40">, #<Coin id: 1716748, time_unix: 1527346800, symbol: "BCX", open: 0.017822, high: 0.020225, low: 0.01707, close: 0.019377, volume: 653997.0, marketcap: 0.0, created_at: "2018-10-13 08:38:40", updated_at: "2018-10-13 08:38:40">, #<Coin id: 1716749, time_unix: 1527260400, symbol: "BCX", open: 0.018535, high: 0.020594, low: 0.016962, close: 0.017579, volume: 623675.0, marketcap: 0.0, created_at: "2018-10-13 08:38:40", updated_at: "2018-10-13 08:38:40">, #<Coin id: 1716750, time_unix: 1527174000, symbol: "BCX", open: 0.018258, high: 0.019164, low: 0.015945, close: 0.017001, volume: 644926.0, marketcap: 0.0, created_at: "2018-10-13 08:38:40", updated_at: "2018-10-13 08:38:40">, #<Coin id: 1716751, time_unix: 1527087600, symbol: "BCX", open: 0.017564, high: 0.018804, low: 0.016752, close: 0.018085, volume: 747743.0, marketcap: 0.0, created_at: "2018-10-13 08:38:40", updated_at: "2018-10-13 08:38:40">, #<Coin id: 1716752, time_unix: 1527001200, symbol: "BCX", open: 0.018179, high: 0.019371, low: 0.016078, close: 0.016837, volume: 866249.0, marketcap: 0.0, created_at: "2018-10-13 08:38:40", updated_at: "2018-10-13 08:38:40">, #<Coin id: 1716753, time_unix: 1526914800, symbol: "BCX", open: 0.019583, high: 0.020266, low: 0.018217, close: 0.018802, volume: 875612.0, marketcap: 0.0, created_at: "2018-10-13 08:38:40", updated_at: "2018-10-13 08:38:40">, #<Coin id: 1716754, time_unix: 1526828400, symbol: "BCX", open: 0.021711, high: 0.022159, low: 0.01902, close: 0.019369, volume: 952455.0, marketcap: 0.0, created_at: "2018-10-13 08:38:40", updated_at: "2018-10-13 08:38:40">, #<Coin id: 1716755, time_unix: 1526742000, symbol: "BCX", open: 0.019933, high: 0.022521, low: 0.019341, close: 0.021895, volume: 891247.0, marketcap: 0.0, created_at: "2018-10-13 08:38:40", updated_at: "2018-10-13 08:38:40">, #<Coin id: 1716756, time_unix: 1526655600, symbol: "BCX", open: 0.020877, high: 0.022452, low: 0.018881, close: 0.01981, volume: 971051.0, marketcap: 0.0, created_at: "2018-10-13 08:38:40", updated_at: "2018-10-13 08:38:40">, #<Coin id: 1716757, time_unix: 1526569200, symbol: "BCX", open: 0.020453, high: 0.022626, low: 0.018468, close: 0.020588, volume: 880054.0, marketcap: 0.0, created_at: "2018-10-13 08:38:40", updated_at: "2018-10-13 08:38:40">, #<Coin id: 1716758, time_unix: 1526482800, symbol: "BCX", open: 0.020538, high: 0.022606, low: 0.018348, close: 0.020335, volume: 1005090.0, marketcap: 0.0, created_at: "2018-10-13 08:38:40", updated_at: "2018-10-13 08:38:40">, #<Coin id: 1716759, time_unix: 1526396400, symbol: "BCX", open: 0.020812, high: 0.021743, low: 0.0179, close: 0.020218, volume: 1114230.0, marketcap: 0.0, created_at: "2018-10-13 08:38:40", updated_at: "2018-10-13 08:38:40">, #<Coin id: 1716760, time_unix: 1526310000, symbol: "BCX", open: 0.021579, high: 0.022455, low: 0.019884, close: 0.021438, volume: 1021410.0, marketcap: 0.0, created_at: "2018-10-13 08:38:40", updated_at: "2018-10-13 08:38:40">, #<Coin id: 1716761, time_unix: 1526223600, symbol: "BCX", open: 0.020617, high: 0.022668, low: 0.018951, close: 0.021517, volume: 1087570.0, marketcap: 0.0, created_at: "2018-10-13 08:38:40", updated_at: "2018-10-13 08:38:40">, #<Coin id: 1716762, time_unix: 1526137200, symbol: "BCX", open: 0.018335, high: 0.023001, low: 0.017623, close: 0.021129, volume: 998680.0, marketcap: 0.0, created_at: "2018-10-13 08:38:40", updated_at: "2018-10-13 08:38:40">, #<Coin id: 1716763, time_unix: 1526050800, symbol: "BCX", open: 0.018638, high: 0.020219, low: 0.016663, close: 0.017656, volume: 1217410.0, marketcap: 0.0, created_at: "2018-10-13 08:38:40", updated_at: "2018-10-13 08:38:40">, #<Coin id: 1716764, time_unix: 1525964400, symbol: "BCX", open: 0.020584, high: 0.022647, low: 0.017908, close: 0.018891, volume: 1258850.0, marketcap: 0.0, created_at: "2018-10-13 08:38:40", updated_at: "2018-10-13 08:38:40">, #<Coin id: 1716765, time_unix: 1525878000, symbol: "BCX", open: 0.021094, high: 0.023836, low: 0.018531, close: 0.019144, volume: 1077090.0, marketcap: 0.0, created_at: "2018-10-13 08:38:41", updated_at: "2018-10-13 08:38:41">, #<Coin id: 1716766, time_unix: 1525791600, symbol: "BCX", open: 0.019562, high: 0.02416, low: 0.017773, close: 0.022126, volume: 1063310.0, marketcap: 0.0, created_at: "2018-10-13 08:38:41", updated_at: "2018-10-13 08:38:41">, #<Coin id: 1716767, time_unix: 1525705200, symbol: "BCX", open: 0.018168, high: 0.021849, low: 0.016331, close: 0.018095, volume: 1231620.0, marketcap: 0.0, created_at: "2018-10-13 08:38:41", updated_at: "2018-10-13 08:38:41">, #<Coin id: 1716768, time_unix: 1525618800, symbol: "BCX", open: 0.021721, high: 0.022173, low: 0.017939, close: 0.018264, volume: 1662120.0, marketcap: 0.0, created_at: "2018-10-13 08:38:41", updated_at: "2018-10-13 08:38:41">, #<Coin id: 1716769, time_unix: 1525532400, symbol: "BCX", open: 0.020927, high: 0.021688, low: 0.018129, close: 0.021688, volume: 1590000.0, marketcap: 0.0, created_at: "2018-10-13 08:38:41", updated_at: "2018-10-13 08:38:41">, #<Coin id: 1716770, time_unix: 1525446000, symbol: "BCX", open: 0.026711, high: 0.028986, low: 0.019085, close: 0.021016, volume: 2586980.0, marketcap: 0.0, created_at: "2018-10-13 08:38:41", updated_at: "2018-10-13 08:38:41">, #<Coin id: 1716771, time_unix: 1525359600, symbol: "BCX", open: 0.023971, high: 0.028665, low: 0.021694, close: 0.025886, volume: 1395080.0, marketcap: 0.0, created_at: "2018-10-13 08:38:41", updated_at: "2018-10-13 08:38:41">, #<Coin id: 1716772, time_unix: 1525273200, symbol: "BCX", open: 0.019492, high: 0.02453, low: 0.018044, close: 0.023513, volume: 1984190.0, marketcap: 0.0, created_at: "2018-10-13 08:38:41", updated_at: "2018-10-13 08:38:41">, #<Coin id: 1716773, time_unix: 1525186800, symbol: "BCX", open: 0.024273, high: 0.025672, low: 0.017527, close: 0.01966, volume: 2343330.0, marketcap: 0.0, created_at: "2018-10-13 08:38:41", updated_at: "2018-10-13 08:38:41">, #<Coin id: 1716774, time_unix: 1525100400, symbol: "BCX", open: 0.020034, high: 0.025404, low: 0.019193, close: 0.025404, volume: 1588150.0, marketcap: 0.0, created_at: "2018-10-13 08:38:41", updated_at: "2018-10-13 08:38:41">, #<Coin id: 1716775, time_unix: 1525014000, symbol: "BCX", open: 0.021142, high: 0.024742, low: 0.019903, close: 0.021335, volume: 2035430.0, marketcap: 0.0, created_at: "2018-10-13 08:38:41", updated_at: "2018-10-13 08:38:41">, #<Coin id: 1716776, time_unix: 1524927600, symbol: "BCX", open: 0.021733, high: 0.02608, low: 0.019826, close: 0.023525, volume: 2190510.0, marketcap: 0.0, created_at: "2018-10-13 08:38:41", updated_at: "2018-10-13 08:38:41">, #<Coin id: 1716777, time_unix: 1524841200, symbol: "BCX", open: 0.014875, high: 0.027173, low: 0.01471, close: 0.022667, volume: 2116030.0, marketcap: 0.0, created_at: "2018-10-13 08:38:41", updated_at: "2018-10-13 08:38:41">, #<Coin id: 1716778, time_unix: 1524754800, symbol: "BCX", open: 0.013064, high: 0.016644, low: 0.01294, close: 0.014984, volume: 4071190.0, marketcap: 0.0, created_at: "2018-10-13 08:38:41", updated_at: "2018-10-13 08:38:41">, #<Coin id: 1716779, time_unix: 1524668400, symbol: "BCX", open: 0.011229, high: 0.013392, low: 0.010734, close: 0.013003, volume: 1693660.0, marketcap: 0.0, created_at: "2018-10-13 08:38:41", updated_at: "2018-10-13 08:38:41">, #<Coin id: 1716780, time_unix: 1524582000, symbol: "BCX", open: 0.014555, high: 0.014654, low: 0.010949, close: 0.011169, volume: 1772880.0, marketcap: 0.0, created_at: "2018-10-13 08:38:41", updated_at: "2018-10-13 08:38:41">, #<Coin id: 1716781, time_unix: 1524495600, symbol: "BCX", open: 0.0135, high: 0.014959, low: 0.013157, close: 0.014633, volume: 1815640.0, marketcap: 0.0, created_at: "2018-10-13 08:38:41", updated_at: "2018-10-13 08:38:41">, #<Coin id: 1716782, time_unix: 1524409200, symbol: "BCX", open: 0.0149, high: 0.015015, low: 0.012005, close: 0.013568, volume: 1801710.0, marketcap: 0.0, created_at: "2018-10-13 08:38:41", updated_at: "2018-10-13 08:38:41">, #<Coin id: 1716783, time_unix: 1524322800, symbol: "BCX", open: 0.012329, high: 0.016346, low: 0.011997, close: 0.014922, volume: 5102810.0, marketcap: 0.0, created_at: "2018-10-13 08:38:41", updated_at: "2018-10-13 08:38:41">, #<Coin id: 1716784, time_unix: 1524236400, symbol: "BCX", open: 0.013578, high: 0.013578, low: 0.010897, close: 0.011996, volume: 4378850.0, marketcap: 0.0, created_at: "2018-10-13 08:38:41", updated_at: "2018-10-13 08:38:41">, #<Coin id: 1716785, time_unix: 1524150000, symbol: "BCX", open: 0.007103, high: 0.01422, low: 0.007066, close: 0.013613, volume: 7935570.0, marketcap: 0.0, created_at: "2018-10-13 08:38:41", updated_at: "2018-10-13 08:38:41">, #<Coin id: 1716786, time_unix: 1524063600, symbol: "BCX", open: 0.006875, high: 0.007312, low: 0.006617, close: 0.007096, volume: 795509.0, marketcap: 0.0, created_at: "2018-10-13 08:38:41", updated_at: "2018-10-13 08:38:41">, #<Coin id: 1716787, time_unix: 1523977200, symbol: "BCX", open: 0.006293, high: 0.007383, low: 0.006194, close: 0.006863, volume: 350581.0, marketcap: 0.0, created_at: "2018-10-13 08:38:41", updated_at: "2018-10-13 08:38:41">, #<Coin id: 1716788, time_unix: 1523890800, symbol: "BCX", open: 0.006557, high: 0.008021, low: 0.006354, close: 0.006354, volume: 353728.0, marketcap: 0.0, created_at: "2018-10-13 08:38:41", updated_at: "2018-10-13 08:38:41">, #<Coin id: 1716789, time_unix: 1523804400, symbol: "BCX", open: 0.007532, high: 0.007572, low: 0.006159, close: 0.006634, volume: 412422.0, marketcap: 0.0, created_at: "2018-10-13 08:38:41", updated_at: "2018-10-13 08:38:41">, #<Coin id: 1716790, time_unix: 1523718000, symbol: "BCX", open: 0.007809, high: 0.00845, low: 0.007335, close: 0.007581, volume: 602334.0, marketcap: 0.0, created_at: "2018-10-13 08:38:41", updated_at: "2018-10-13 08:38:41">, #<Coin id: 1716791, time_unix: 1523631600, symbol: "BCX", open: 0.005743, high: 0.008006, low: 0.005636, close: 0.007816, volume: 730543.0, marketcap: 0.0, created_at: "2018-10-13 08:38:41", updated_at: "2018-10-13 08:38:41">, #<Coin id: 1716792, time_unix: 1523545200, symbol: "BCX", open: 0.005572, high: 0.006179, low: 0.005375, close: 0.005764, volume: 834018.0, marketcap: 0.0, created_at: "2018-10-13 08:38:41", updated_at: "2018-10-13 08:38:41">, #<Coin id: 1716793, time_unix: 1523458800, symbol: "BCX", open: 0.005731, high: 0.005873, low: 0.00485, close: 0.005386, volume: 397143.0, marketcap: 0.0, created_at: "2018-10-13 08:38:41", updated_at: "2018-10-13 08:38:41">, #<Coin id: 1716794, time_unix: 1523372400, symbol: "BCX", open: 0.00714, high: 0.00714, low: 0.005563, close: 0.00557, volume: 170731.0, marketcap: 0.0, created_at: "2018-10-13 08:38:41", updated_at: "2018-10-13 08:38:41">, #<Coin id: 1716795, time_unix: 1523286000, symbol: "BCX", open: 0.005399, high: 0.007236, low: 0.005399, close: 0.006998, volume: 232515.0, marketcap: 0.0, created_at: "2018-10-13 08:38:41", updated_at: "2018-10-13 08:38:41">, #<Coin id: 1716796, time_unix: 1523199600, symbol: "BCX", open: 0.005392, high: 0.005539, low: 0.004434, close: 0.005539, volume: 213419.0, marketcap: 0.0, created_at: "2018-10-13 08:38:41", updated_at: "2018-10-13 08:38:41">, #<Coin id: 1716797, time_unix: 1523113200, symbol: "BCX", open: 0.005407, high: 0.005985, low: 0.004882, close: 0.005461, volume: 136842.0, marketcap: 0.0, created_at: "2018-10-13 08:38:41", updated_at: "2018-10-13 08:38:41">, #<Coin id: 1716798, time_unix: 1523026800, symbol: "BCX", open: 0.005604, high: 0.006176, low: 0.005129, close: 0.005413, volume: 178110.0, marketcap: 0.0, created_at: "2018-10-13 08:38:41", updated_at: "2018-10-13 08:38:41">, #<Coin id: 1716799, time_unix: 1522940400, symbol: "BCX", open: 0.005671, high: 0.006048, low: 0.004778, close: 0.00559, volume: 103495.0, marketcap: 0.0, created_at: "2018-10-13 08:38:41", updated_at: "2018-10-13 08:38:41">, #<Coin id: 1716800, time_unix: 1522854000, symbol: "BCX", open: 0.006925, high: 0.007535, low: 0.0057, close: 0.0057, volume: 257616.0, marketcap: 0.0, created_at: "2018-10-13 08:38:41", updated_at: "2018-10-13 08:38:41">, #<Coin id: 1716801, time_unix: 1522767600, symbol: "BCX", open: 0.005739, high: 0.008335, low: 0.005341, close: 0.006928, volume: 454643.0, marketcap: 0.0, created_at: "2018-10-13 08:38:41", updated_at: "2018-10-13 08:38:41">, #<Coin id: 1716802, time_unix: 1522681200, symbol: "BCX", open: 0.004937, high: 0.005836, low: 0.004811, close: 0.005749, volume: 118940.0, marketcap: 0.0, created_at: "2018-10-13 08:38:41", updated_at: "2018-10-13 08:38:41">, #<Coin id: 1716803, time_unix: 1522594800, symbol: "BCX", open: 0.004369, high: 0.005001, low: 0.004226, close: 0.004913, volume: 289007.0, marketcap: 0.0, created_at: "2018-10-13 08:38:41", updated_at: "2018-10-13 08:38:41">, #<Coin id: 1716804, time_unix: 1522508400, symbol: "BCX", open: 0.004405, high: 0.004629, low: 0.004071, close: 0.004365, volume: 1398950.0, marketcap: 0.0, created_at: "2018-10-13 08:38:41", updated_at: "2018-10-13 08:38:41">, #<Coin id: 1716805, time_unix: 1522422000, symbol: "BCX", open: 0.003944, high: 0.004735, low: 0.003919, close: 0.004388, volume: 915079.0, marketcap: 0.0, created_at: "2018-10-13 08:38:41", updated_at: "2018-10-13 08:38:41">, #<Coin id: 1716806, time_unix: 1522335600, symbol: "BCX", open: 0.004083, high: 0.004228, low: 0.003795, close: 0.003944, volume: 2328860.0, marketcap: 0.0, created_at: "2018-10-13 08:38:41", updated_at: "2018-10-13 08:38:41">, #<Coin id: 1716807, time_unix: 1522249200, symbol: "BCX", open: 0.004573, high: 0.004652, low: 0.004009, close: 0.004149, volume: 908379.0, marketcap: 0.0, created_at: "2018-10-13 08:38:41", updated_at: "2018-10-13 08:38:41">, #<Coin id: 1716808, time_unix: 1522162800, symbol: "BCX", open: 0.004921, high: 0.005704, low: 0.00434, close: 0.004505, volume: 972746.0, marketcap: 0.0, created_at: "2018-10-13 08:38:41", updated_at: "2018-10-13 08:38:41">, #<Coin id: 1716809, time_unix: 1522076400, symbol: "BCX", open: 0.004687, high: 0.005561, low: 0.004206, close: 0.004971, volume: 224311.0, marketcap: 0.0, created_at: "2018-10-13 08:38:41", updated_at: "2018-10-13 08:38:41">, #<Coin id: 1716810, time_unix: 1521990000, symbol: "BCX", open: 0.0055, high: 0.005609, low: 0.004222, close: 0.004663, volume: 403139.0, marketcap: 0.0, created_at: "2018-10-13 08:38:41", updated_at: "2018-10-13 08:38:41">, #<Coin id: 1716811, time_unix: 1521903600, symbol: "BCX", open: 0.004857, high: 0.005858, low: 0.004785, close: 0.00548, volume: 156761.0, marketcap: 0.0, created_at: "2018-10-13 08:38:41", updated_at: "2018-10-13 08:38:41">, #<Coin id: 1716812, time_unix: 1521817200, symbol: "BCX", open: 0.005451, high: 0.006012, low: 0.00461, close: 0.004941, volume: 533344.0, marketcap: 0.0, created_at: "2018-10-13 08:38:41", updated_at: "2018-10-13 08:38:41">, #<Coin id: 1716813, time_unix: 1521730800, symbol: "BCX", open: 0.00584, high: 0.005946, low: 0.005146, close: 0.00544, volume: 182496.0, marketcap: 0.0, created_at: "2018-10-13 08:38:41", updated_at: "2018-10-13 08:38:41">, #<Coin id: 1716814, time_unix: 1521644400, symbol: "BCX", open: 0.005686, high: 0.006001, low: 0.004935, close: 0.005831, volume: 177027.0, marketcap: 0.0, created_at: "2018-10-13 08:38:41", updated_at: "2018-10-13 08:38:41">, #<Coin id: 1716815, time_unix: 1521558000, symbol: "BCX", open: 0.004834, high: 0.006012, low: 0.004645, close: 0.005707, volume: 220638.0, marketcap: 0.0, created_at: "2018-10-13 08:38:41", updated_at: "2018-10-13 08:38:41">, #<Coin id: 1716816, time_unix: 1521471600, symbol: "BCX", open: 0.003273, high: 0.00494, low: 0.003187, close: 0.00486, volume: 277309.0, marketcap: 0.0, created_at: "2018-10-13 08:38:41", updated_at: "2018-10-13 08:38:41">, #<Coin id: 1716817, time_unix: 1521385200, symbol: "BCX", open: 0.003162, high: 0.003313, low: 0.002912, close: 0.003243, volume: 465951.0, marketcap: 0.0, created_at: "2018-10-13 08:38:41", updated_at: "2018-10-13 08:38:41">, #<Coin id: 1716818, time_unix: 1521298800, symbol: "BCX", open: 0.00358, high: 0.003658, low: 0.002859, close: 0.003137, volume: 470360.0, marketcap: 0.0, created_at: "2018-10-13 08:38:41", updated_at: "2018-10-13 08:38:41">, #<Coin id: 1716819, time_unix: 1521212400, symbol: "BCX", open: 0.003137, high: 0.003751, low: 0.003043, close: 0.003611, volume: 381602.0, marketcap: 0.0, created_at: "2018-10-13 08:38:41", updated_at: "2018-10-13 08:38:41">, #<Coin id: 1716820, time_unix: 1521126000, symbol: "BCX", open: 0.003313, high: 0.003367, low: 0.002948, close: 0.003078, volume: 512036.0, marketcap: 0.0, created_at: "2018-10-13 08:38:41", updated_at: "2018-10-13 08:38:41">, #<Coin id: 1716821, time_unix: 1521039600, symbol: "BCX", open: 0.003517, high: 0.003563, low: 0.00321, close: 0.003314, volume: 549596.0, marketcap: 0.0, created_at: "2018-10-13 08:38:41", updated_at: "2018-10-13 08:38:41">, #<Coin id: 1716822, time_unix: 1520953200, symbol: "BCX", open: 0.003465, high: 0.003729, low: 0.003216, close: 0.003509, volume: 586393.0, marketcap: 0.0, created_at: "2018-10-13 08:38:41", updated_at: "2018-10-13 08:38:41">, #<Coin id: 1716823, time_unix: 1520866800, symbol: "BCX", open: 0.004162, high: 0.004417, low: 0.00328, close: 0.003501, volume: 836986.0, marketcap: 0.0, created_at: "2018-10-13 08:38:41", updated_at: "2018-10-13 08:38:41">, #<Coin id: 1716824, time_unix: 1520780400, symbol: "BCX", open: 0.004088, high: 0.004399, low: 0.003979, close: 0.004185, volume: 435279.0, marketcap: 0.0, created_at: "2018-10-13 08:38:41", updated_at: "2018-10-13 08:38:41">, #<Coin id: 1716825, time_unix: 1520694000, symbol: "BCX", open: 0.005252, high: 0.005252, low: 0.004118, close: 0.004141, volume: 583771.0, marketcap: 0.0, created_at: "2018-10-13 08:38:41", updated_at: "2018-10-13 08:38:41">, #<Coin id: 1716826, time_unix: 1520607600, symbol: "BCX", open: 0.004927, high: 0.005426, low: 0.00474, close: 0.005149, volume: 525887.0, marketcap: 0.0, created_at: "2018-10-13 08:38:41", updated_at: "2018-10-13 08:38:41">, #<Coin id: 1716827, time_unix: 1520521200, symbol: "BCX", open: 0.005007, high: 0.005088, low: 0.004204, close: 0.004885, volume: 662161.0, marketcap: 0.0, created_at: "2018-10-13 08:38:41", updated_at: "2018-10-13 08:38:41">, #<Coin id: 1716828, time_unix: 1520434800, symbol: "BCX", open: 0.005938, high: 0.006834, low: 0.004811, close: 0.005025, volume: 766648.0, marketcap: 0.0, created_at: "2018-10-13 08:38:41", updated_at: "2018-10-13 08:38:41">, #<Coin id: 1716829, time_unix: 1520348400, symbol: "BCX", open: 0.008752, high: 0.008752, low: 0.0054, close: 0.005779, volume: 1213930.0, marketcap: 0.0, created_at: "2018-10-13 08:38:41", updated_at: "2018-10-13 08:38:41">, #<Coin id: 1716830, time_unix: 1520262000, symbol: "BCX", open: 0.010174, high: 0.012795, low: 0.008582, close: 0.008582, volume: 2879570.0, marketcap: 0.0, created_at: "2018-10-13 08:38:41", updated_at: "2018-10-13 08:38:41">, #<Coin id: 1716831, time_unix: 1520175600, symbol: "BCX", open: 0.008689, high: 0.012889, low: 0.007104, close: 0.010007, volume: 2140300.0, marketcap: 0.0, created_at: "2018-10-13 08:38:41", updated_at: "2018-10-13 08:38:41">, #<Coin id: 1716832, time_unix: 1520089200, symbol: "BCX", open: 0.005719, high: 0.008828, low: 0.005191, close: 0.008679, volume: 817001.0, marketcap: 0.0, created_at: "2018-10-13 08:38:41", updated_at: "2018-10-13 08:38:41">, #<Coin id: 1716833, time_unix: 1520002800, symbol: "BCX", open: 0.005781, high: 0.006297, low: 0.005633, close: 0.005716, volume: 612036.0, marketcap: 0.0, created_at: "2018-10-13 08:38:41", updated_at: "2018-10-13 08:38:41">, #<Coin id: 1716834, time_unix: 1519916400, symbol: "BCX", open: 0.006561, high: 0.006593, low: 0.005458, close: 0.005761, volume: 857565.0, marketcap: 0.0, created_at: "2018-10-13 08:38:41", updated_at: "2018-10-13 08:38:41">, #<Coin id: 1716835, time_unix: 1519830000, symbol: "BCX", open: 0.006705, high: 0.007224, low: 0.006592, close: 0.006595, volume: 840552.0, marketcap: 0.0, created_at: "2018-10-13 08:38:41", updated_at: "2018-10-13 08:38:41">, #<Coin id: 1716836, time_unix: 1519743600, symbol: "BCX", open: 0.007842, high: 0.007842, low: 0.006661, close: 0.006677, volume: 810098.0, marketcap: 0.0, created_at: "2018-10-13 08:38:41", updated_at: "2018-10-13 08:38:41">, #<Coin id: 1716837, time_unix: 1519657200, symbol: "BCX", open: 0.007003, high: 0.008052, low: 0.006839, close: 0.007818, volume: 857416.0, marketcap: 0.0, created_at: "2018-10-13 08:38:41", updated_at: "2018-10-13 08:38:41">, #<Coin id: 1716838, time_unix: 1519570800, symbol: "BCX", open: 0.007119, high: 0.007248, low: 0.006419, close: 0.007032, volume: 724023.0, marketcap: 0.0, created_at: "2018-10-13 08:38:41", updated_at: "2018-10-13 08:38:41">, #<Coin id: 1716839, time_unix: 1519484400, symbol: "BCX", open: 0.008999, high: 0.009688, low: 0.007067, close: 0.007118, volume: 615443.0, marketcap: 0.0, created_at: "2018-10-13 08:38:41", updated_at: "2018-10-13 08:38:41">, #<Coin id: 1716840, time_unix: 1519398000, symbol: "BCX", open: 0.008501, high: 0.009173, low: 0.007259, close: 0.009102, volume: 952641.0, marketcap: 0.0, created_at: "2018-10-13 08:38:41", updated_at: "2018-10-13 08:38:41">, #<Coin id: 1716841, time_unix: 1519311600, symbol: "BCX", open: 0.007659, high: 0.008773, low: 0.007312, close: 0.008478, volume: 768939.0, marketcap: 0.0, created_at: "2018-10-13 08:38:41", updated_at: "2018-10-13 08:38:41">, #<Coin id: 1716842, time_unix: 1519225200, symbol: "BCX", open: 0.009807, high: 0.009868, low: 0.007649, close: 0.007677, volume: 1002210.0, marketcap: 0.0, created_at: "2018-10-13 08:38:41", updated_at: "2018-10-13 08:38:41">, #<Coin id: 1716843, time_unix: 1519138800, symbol: "BCX", open: 0.010158, high: 0.010158, low: 0.008679, close: 0.009854, volume: 1095420.0, marketcap: 0.0, created_at: "2018-10-13 08:38:41", updated_at: "2018-10-13 08:38:41">, #<Coin id: 1716844, time_unix: 1519052400, symbol: "BCX", open: 0.010898, high: 0.011919, low: 0.010167, close: 0.010485, volume: 1059250.0, marketcap: 0.0, created_at: "2018-10-13 08:38:41", updated_at: "2018-10-13 08:38:41">, #<Coin id: 1716845, time_unix: 1518966000, symbol: "BCX", open: 0.009805, high: 0.01119, low: 0.008166, close: 0.01088, volume: 1201540.0, marketcap: 0.0, created_at: "2018-10-13 08:38:41", updated_at: "2018-10-13 08:38:41">, #<Coin id: 1716846, time_unix: 1518879600, symbol: "BCX", open: 0.011449, high: 0.012384, low: 0.009869, close: 0.009869, volume: 2545150.0, marketcap: 0.0, created_at: "2018-10-13 08:38:41", updated_at: "2018-10-13 08:38:41">, #<Coin id: 1716847, time_unix: 1518793200, symbol: "BCX", open: 0.010136, high: 0.011507, low: 0.009857, close: 0.011414, volume: 962702.0, marketcap: 0.0, created_at: "2018-10-13 08:38:41", updated_at: "2018-10-13 08:38:41">, #<Coin id: 1716848, time_unix: 1518706800, symbol: "BCX", open: 0.010541, high: 0.010919, low: 0.009387, close: 0.010125, volume: 916945.0, marketcap: 0.0, created_at: "2018-10-13 08:38:41", updated_at: "2018-10-13 08:38:41">, #<Coin id: 1716849, time_unix: 1518620400, symbol: "BCX", open: 0.010698, high: 0.011512, low: 0.010466, close: 0.010558, volume: 1244700.0, marketcap: 0.0, created_at: "2018-10-13 08:38:41", updated_at: "2018-10-13 08:38:41">, #<Coin id: 1716850, time_unix: 1518534000, symbol: "BCX", open: 0.009663, high: 0.010777, low: 0.009271, close: 0.010609, volume: 1514170.0, marketcap: 0.0, created_at: "2018-10-13 08:38:41", updated_at: "2018-10-13 08:38:41">, #<Coin id: 1716851, time_unix: 1518447600, symbol: "BCX", open: 0.008481, high: 0.010002, low: 0.008148, close: 0.00968, volume: 1377770.0, marketcap: 0.0, created_at: "2018-10-13 08:38:41", updated_at: "2018-10-13 08:38:41">, #<Coin id: 1716852, time_unix: 1518361200, symbol: "BCX", open: 0.007901, high: 0.008725, low: 0.00787, close: 0.008564, volume: 1004110.0, marketcap: 0.0, created_at: "2018-10-13 08:38:41", updated_at: "2018-10-13 08:38:41">, #<Coin id: 1716853, time_unix: 1518274800, symbol: "BCX", open: 0.009246, high: 0.009246, low: 0.007775, close: 0.007874, volume: 1221350.0, marketcap: 0.0, created_at: "2018-10-13 08:38:41", updated_at: "2018-10-13 08:38:41">, #<Coin id: 1716854, time_unix: 1518188400, symbol: "BCX", open: 0.010184, high: 0.011295, low: 0.00893, close: 0.009291, volume: 1821530.0, marketcap: 0.0, created_at: "2018-10-13 08:38:41", updated_at: "2018-10-13 08:38:41">, #<Coin id: 1716855, time_unix: 1518102000, symbol: "BCX", open: 0.008779, high: 0.010287, low: 0.008047, close: 0.010185, volume: 1832930.0, marketcap: 0.0, created_at: "2018-10-13 08:38:41", updated_at: "2018-10-13 08:38:41">, #<Coin id: 1716856, time_unix: 1518015600, symbol: "BCX", open: 0.008486, high: 0.009668, low: 0.008486, close: 0.008758, volume: 1322980.0, marketcap: 0.0, created_at: "2018-10-13 08:38:41", updated_at: "2018-10-13 08:38:41">, #<Coin id: 1716857, time_unix: 1517929200, symbol: "BCX", open: 0.008559, high: 0.010545, low: 0.007978, close: 0.008381, volume: 2401170.0, marketcap: 0.0, created_at: "2018-10-13 08:38:41", updated_at: "2018-10-13 08:38:41">, #<Coin id: 1716858, time_unix: 1517842800, symbol: "BCX", open: 0.00906, high: 0.009317, low: 0.006633, close: 0.00861, volume: 2936240.0, marketcap: 0.0, created_at: "2018-10-13 08:38:41", updated_at: "2018-10-13 08:38:41">, #<Coin id: 1716859, time_unix: 1517756400, symbol: "BCX", open: 0.01296, high: 0.013146, low: 0.008602, close: 0.009071, volume: 1874140.0, marketcap: 0.0, created_at: "2018-10-13 08:38:41", updated_at: "2018-10-13 08:38:41">, #<Coin id: 1716860, time_unix: 1517670000, symbol: "BCX", open: 0.015583, high: 0.015675, low: 0.012664, close: 0.013114, volume: 1644020.0, marketcap: 0.0, created_at: "2018-10-13 08:38:41", updated_at: "2018-10-13 08:38:41">, #<Coin id: 1716861, time_unix: 1517583600, symbol: "BCX", open: 0.015434, high: 0.016391, low: 0.013675, close: 0.015494, volume: 2054290.0, marketcap: 0.0, created_at: "2018-10-13 08:38:41", updated_at: "2018-10-13 08:38:41">, #<Coin id: 1716862, time_unix: 1517497200, symbol: "BCX", open: 0.017421, high: 0.017421, low: 0.012601, close: 0.0153, volume: 3360850.0, marketcap: 0.0, created_at: "2018-10-13 08:38:41", updated_at: "2018-10-13 08:38:41">, #<Coin id: 1716863, time_unix: 1517410800, symbol: "BCX", open: 0.021052, high: 0.022757, low: 0.016194, close: 0.017314, volume: 3016970.0, marketcap: 0.0, created_at: "2018-10-13 08:38:41", updated_at: "2018-10-13 08:38:41">, #<Coin id: 1716864, time_unix: 1517324400, symbol: "BCX", open: 0.022152, high: 0.022152, low: 0.019689, close: 0.020937, volume: 2183470.0, marketcap: 0.0, created_at: "2018-10-13 08:38:41", updated_at: "2018-10-13 08:38:41">, #<Coin id: 1716865, time_unix: 1517238000, symbol: "BCX", open: 0.022783, high: 0.025257, low: 0.021353, close: 0.022057, volume: 3067160.0, marketcap: 0.0, created_at: "2018-10-13 08:38:41", updated_at: "2018-10-13 08:38:41">, #<Coin id: 1716866, time_unix: 1517151600, symbol: "BCX", open: 0.023954, high: 0.02424, low: 0.022617, close: 0.022802, volume: 2923590.0, marketcap: 0.0, created_at: "2018-10-13 08:38:41", updated_at: "2018-10-13 08:38:41">, #<Coin id: 1716867, time_unix: 1517065200, symbol: "BCX", open: 0.027219, high: 0.029155, low: 0.023852, close: 0.023852, volume: 7160920.0, marketcap: 0.0, created_at: "2018-10-13 08:38:41", updated_at: "2018-10-13 08:38:41">, #<Coin id: 1716868, time_unix: 1516978800, symbol: "BCX", open: 0.024432, high: 0.028615, low: 0.023008, close: 0.026891, volume: 6962850.0, marketcap: 0.0, created_at: "2018-10-13 08:38:41", updated_at: "2018-10-13 08:38:41">, #<Coin id: 1716869, time_unix: 1516892400, symbol: "BCX", open: 0.025241, high: 0.026661, low: 0.022933, close: 0.024454, volume: 5361780.0, marketcap: 0.0, created_at: "2018-10-13 08:38:41", updated_at: "2018-10-13 08:38:41">, #<Coin id: 1716870, time_unix: 1516806000, symbol: "BCX", open: 0.026386, high: 0.027917, low: 0.025206, close: 0.025276, volume: 7220650.0, marketcap: 0.0, created_at: "2018-10-13 08:38:41", updated_at: "2018-10-13 08:38:41">, #<Coin id: 1716871, time_unix: 1516719600, symbol: "BCX", open: 0.019855, high: 0.026696, low: 0.018797, close: 0.02577, volume: 6121870.0, marketcap: 0.0, created_at: "2018-10-13 08:38:41", updated_at: "2018-10-13 08:38:41">, #<Coin id: 1716872, time_unix: 1516633200, symbol: "BCX", open: 0.01919, high: 0.021639, low: 0.017611, close: 0.019793, volume: 11603500.0, marketcap: 0.0, created_at: "2018-10-13 08:38:41", updated_at: "2018-10-13 08:38:41">, #<Coin id: 1716873, time_unix: 1516546800, symbol: "BCX", open: 0.025061, high: 0.025061, low: 0.018372, close: 0.019213, volume: 17334100.0, marketcap: 0.0, created_at: "2018-10-13 08:38:41", updated_at: "2018-10-13 08:38:41">, #<Coin id: 1716874, time_unix: 1516460400, symbol: "BCX", open: 0.035918, high: 0.036341, low: 0.022451, close: 0.024869, volume: 22386200.0, marketcap: 0.0, created_at: "2018-10-13 08:38:41", updated_at: "2018-10-13 08:38:41">, #<Coin id: 1716875, time_unix: 1516374000, symbol: "BCX", open: 0.037482, high: 0.043353, low: 0.034275, close: 0.035958, volume: 25252200.0, marketcap: 0.0, created_at: "2018-10-13 08:38:41", updated_at: "2018-10-13 08:38:41">, #<Coin id: 1716876, time_unix: 1516287600, symbol: "BCX", open: 0.045556, high: 0.045573, low: 0.033351, close: 0.037237, volume: 31769400.0, marketcap: 0.0, created_at: "2018-10-13 08:38:41", updated_at: "2018-10-13 08:38:41">, #<Coin id: 1716877, time_unix: 1516201200, symbol: "BCX", open: 0.045683, high: 0.051309, low: 0.041216, close: 0.045921, volume: 7988160.0, marketcap: 0.0, created_at: "2018-10-13 08:38:41", updated_at: "2018-10-13 08:38:41">, #<Coin id: 1716878, time_unix: 1516114800, symbol: "BCX", open: 0.042486, high: 0.046384, low: 0.033903, close: 0.045617, volume: 6977460.0, marketcap: 0.0, created_at: "2018-10-13 08:38:41", updated_at: "2018-10-13 08:38:41">, #<Coin id: 1716879, time_unix: 1516028400, symbol: "BCX", open: 0.085375, high: 0.085882, low: 0.036702, close: 0.042974, volume: 10819400.0, marketcap: 0.0, created_at: "2018-10-13 08:38:41", updated_at: "2018-10-13 08:38:41">, #<Coin id: 1716880, time_unix: 1515942000, symbol: "BCX", open: 0.087643, high: 0.10558, low: 0.078311, close: 0.085381, volume: 10148000.0, marketcap: 0.0, created_at: "2018-10-13 08:38:41", updated_at: "2018-10-13 08:38:41">, #<Coin id: 1716881, time_unix: 1515855600, symbol: "BCX", open: 0.099978, high: 0.10745, low: 0.074643, close: 0.088841, volume: 9496670.0, marketcap: 0.0, created_at: "2018-10-13 08:38:41", updated_at: "2018-10-13 08:38:41">, #<Coin id: 1716882, time_unix: 1515769200, symbol: "BCX", open: 0.080954, high: 0.110946, low: 0.075942, close: 0.097921, volume: 19510600.0, marketcap: 0.0, created_at: "2018-10-13 08:38:41", updated_at: "2018-10-13 08:38:41">, #<Coin id: 1716883, time_unix: 1515682800, symbol: "BCX", open: 0.066668, high: 0.08722, low: 0.063516, close: 0.082652, volume: 14677900.0, marketcap: 0.0, created_at: "2018-10-13 08:38:41", updated_at: "2018-10-13 08:38:41">, #<Coin id: 1716884, time_unix: 1515596400, symbol: "BCX", open: 0.055958, high: 0.068782, low: 0.049172, close: 0.064868, volume: 3755700.0, marketcap: 0.0, created_at: "2018-10-13 08:38:41", updated_at: "2018-10-13 08:38:41">, #<Coin id: 1716885, time_unix: 1515510000, symbol: "BCX", open: 0.055834, high: 0.056942, low: 0.050772, close: 0.056132, volume: 2294370.0, marketcap: 0.0, created_at: "2018-10-13 08:38:41", updated_at: "2018-10-13 08:38:41">, #<Coin id: 1716886, time_unix: 1515423600, symbol: "BCX", open: 0.058093, high: 0.060277, low: 0.054915, close: 0.055771, volume: 1943500.0, marketcap: 0.0, created_at: "2018-10-13 08:38:41", updated_at: "2018-10-13 08:38:41">, #<Coin id: 1716887, time_unix: 1515337200, symbol: "BCX", open: 0.06427, high: 0.065241, low: 0.051069, close: 0.058245, volume: 2758570.0, marketcap: 0.0, created_at: "2018-10-13 08:38:41", updated_at: "2018-10-13 08:38:41">, #<Coin id: 1716888, time_unix: 1515250800, symbol: "BCX", open: 0.065623, high: 0.066656, low: 0.062486, close: 0.064353, volume: 2888730.0, marketcap: 0.0, created_at: "2018-10-13 08:38:41", updated_at: "2018-10-13 08:38:41">, #<Coin id: 1716889, time_unix: 1515164400, symbol: "BCX", open: 0.060468, high: 0.066731, low: 0.058023, close: 0.065616, volume: 2489660.0, marketcap: 0.0, created_at: "2018-10-13 08:38:41", updated_at: "2018-10-13 08:38:41">, #<Coin id: 1716890, time_unix: 1515078000, symbol: "BCX", open: 0.056513, high: 0.063875, low: 0.056014, close: 0.06041, volume: 3755630.0, marketcap: 0.0, created_at: "2018-10-13 08:38:41", updated_at: "2018-10-13 08:38:41">, #<Coin id: 1716891, time_unix: 1514991600, symbol: "BCX", open: 0.053877, high: 0.058911, low: 0.053399, close: 0.056403, volume: 4270050.0, marketcap: 0.0, created_at: "2018-10-13 08:38:41", updated_at: "2018-10-13 08:38:41">, #<Coin id: 1716892, time_unix: 1514905200, symbol: "BCX", open: 0.050165, high: 0.058739, low: 0.048655, close: 0.05365, volume: 3337360.0, marketcap: 0.0, created_at: "2018-10-13 08:38:41", updated_at: "2018-10-13 08:38:41">, #<Coin id: 1716893, time_unix: 1514818800, symbol: "BCX", open: 0.049192, high: 0.051812, low: 0.047262, close: 0.050169, volume: 1636230.0, marketcap: 0.0, created_at: "2018-10-13 08:38:41", updated_at: "2018-10-13 08:38:41">, #<Coin id: 1716894, time_unix: 1514732400, symbol: "BCX", open: 0.050392, high: 0.051762, low: 0.046633, close: 0.049153, volume: 1279050.0, marketcap: 0.0, created_at: "2018-10-13 08:38:41", updated_at: "2018-10-13 08:38:41">, #<Coin id: 1716895, time_unix: 1514646000, symbol: "BCX", open: 0.045424, high: 0.052539, low: 0.045114, close: 0.05008, volume: 2202410.0, marketcap: 0.0, created_at: "2018-10-13 08:38:41", updated_at: "2018-10-13 08:38:41">, #<Coin id: 1716896, time_unix: 1514559600, symbol: "BCX", open: 0.05103, high: 0.053247, low: 0.042248, close: 0.046028, volume: 1926300.0, marketcap: 0.0, created_at: "2018-10-13 08:38:41", updated_at: "2018-10-13 08:38:41">, #<Coin id: 1716897, time_unix: 1514473200, symbol: "BCX", open: 0.04716, high: 0.057232, low: 0.046043, close: 0.051388, volume: 4588620.0, marketcap: 0.0, created_at: "2018-10-13 08:38:41", updated_at: "2018-10-13 08:38:41">, #<Coin id: 1716898, time_unix: 1514386800, symbol: "BCX", open: 0.051566, high: 0.051618, low: 0.041568, close: 0.04646, volume: 1870750.0, marketcap: 0.0, created_at: "2018-10-13 08:38:41", updated_at: "2018-10-13 08:38:41">, #<Coin id: 1716899, time_unix: 1514300400, symbol: "BCX", open: 0.056612, high: 0.056612, low: 0.047559, close: 0.052062, volume: 2518770.0, marketcap: 0.0, created_at: "2018-10-13 08:38:41", updated_at: "2018-10-13 08:38:41">, #<Coin id: 1716900, time_unix: 1514214000, symbol: "BCX", open: 0.053456, high: 0.058513, low: 0.053456, close: 0.057314, volume: 2839130.0, marketcap: 0.0, created_at: "2018-10-13 08:38:41", updated_at: "2018-10-13 08:38:41">, #<Coin id: 1716901, time_unix: 1514127600, symbol: "BCX", open: 0.051406, high: 0.057445, low: 0.048891, close: 0.053753, volume: 3177830.0, marketcap: 0.0, created_at: "2018-10-13 08:38:41", updated_at: "2018-10-13 08:38:41">, #<Coin id: 1716902, time_unix: 1514041200, symbol: "BCX", open: 0.059701, high: 0.059701, low: 0.046562, close: 0.051128, volume: 2550990.0, marketcap: 0.0, created_at: "2018-10-13 08:38:41", updated_at: "2018-10-13 08:38:41">, #<Coin id: 1716903, time_unix: 1513954800, symbol: "BCX", open: 0.054766, high: 0.063993, low: 0.054296, close: 0.059089, volume: 2847010.0, marketcap: 0.0, created_at: "2018-10-13 08:38:41", updated_at: "2018-10-13 08:38:41">, #<Coin id: 1716904, time_unix: 1513868400, symbol: "BCX", open: 0.062592, high: 0.06661, low: 0.042574, close: 0.054595, volume: 4435440.0, marketcap: 0.0, created_at: "2018-10-13 08:38:41", updated_at: "2018-10-13 08:38:41">, #<Coin id: 1716905, time_unix: 1513782000, symbol: "BCX", open: 0.063863, high: 0.066871, low: 0.06026, close: 0.062418, volume: 5386770.0, marketcap: 0.0, created_at: "2018-10-13 08:38:41", updated_at: "2018-10-13 08:38:41">, #<Coin id: 1716906, time_unix: 1513695600, symbol: "BCX", open: 0.069057, high: 0.074956, low: 0.057062, close: 0.063913, volume: 8691320.0, marketcap: 0.0, created_at: "2018-10-13 08:38:41", updated_at: "2018-10-13 08:38:41">, #<Coin id: 1716907, time_unix: 1513609200, symbol: "BCX", open: 0.077575, high: 0.077986, low: 0.065555, close: 0.069774, volume: 7643680.0, marketcap: 0.0, created_at: "2018-10-13 08:38:41", updated_at: "2018-10-13 08:38:41">, #<Coin id: 1716908, time_unix: 1513522800, symbol: "BCX", open: 0.079783, high: 0.094129, low: 0.07028, close: 0.077909, volume: 14110200.0, marketcap: 0.0, created_at: "2018-10-13 08:38:41", updated_at: "2018-10-13 08:38:41">, #<Coin id: 1716909, time_unix: 1513436400, symbol: "BCX", open: 0.08253, high: 0.093236, low: 0.063494, close: 0.078897, volume: 12393200.0, marketcap: 0.0, created_at: "2018-10-13 08:38:41", updated_at: "2018-10-13 08:38:41">, #<Coin id: 1716910, time_unix: 1513350000, symbol: "BCX", open: 0.10218, high: 0.123685, low: 0.075627, close: 0.084, volume: 31209900.0, marketcap: 0.0, created_at: "2018-10-13 08:38:41", updated_at: "2018-10-13 08:38:41">, #<Coin id: 1716911, time_unix: 1513263600, symbol: "BCX", open: 0.059304, high: 0.127305, low: 0.056681, close: 0.089588, volume: 6712600.0, marketcap: 0.0, created_at: "2018-10-13 08:38:41", updated_at: "2018-10-13 08:38:41">]