id,time_unix,symbol,slug,open,high,low,close,volume,marketcap,created_at,updated_at
705268,1544713200,RUNNERS,runners,7.0e-05,7.0e-05,7.0e-05,7.0e-05,0.0,0.0,2018-12-15 10:20:21 UTC,2018-12-15 10:20:21 UTC
705269,1544626800,RUNNERS,runners,7.0e-05,7.0e-05,7.0e-05,7.0e-05,0.0,0.0,2018-12-15 10:20:21 UTC,2018-12-15 10:20:21 UTC
705270,1544540400,RUNNERS,runners,6.8e-05,7.0e-05,6.8e-05,7.0e-05,0.0,0.0,2018-12-15 10:20:21 UTC,2018-12-15 10:20:21 UTC
705271,1544454000,RUNNERS,runners,7.0e-05,7.0e-05,6.8e-05,6.8e-05,3.0,0.0,2018-12-15 10:20:21 UTC,2018-12-15 10:20:21 UTC
705272,1544367600,RUNNERS,runners,7.2e-05,7.3e-05,7.0e-05,7.0e-05,0.0,0.0,2018-12-15 10:20:21 UTC,2018-12-15 10:20:21 UTC
705273,1544281200,RUNNERS,runners,6.9e-05,7.4e-05,6.9e-05,7.2e-05,22.0,0.0,2018-12-15 10:20:21 UTC,2018-12-15 10:20:21 UTC
705274,1544194800,RUNNERS,runners,3.4e-05,7.0e-05,3.4e-05,7.0e-05,257.0,0.0,2018-12-15 10:20:21 UTC,2018-12-15 10:20:21 UTC
705275,1544108400,RUNNERS,runners,4.2e-05,4.2e-05,3.3e-05,3.4e-05,9.0,0.0,2018-12-15 10:20:21 UTC,2018-12-15 10:20:21 UTC
705276,1544022000,RUNNERS,runners,4.2e-05,4.2e-05,4.2e-05,4.2e-05,0.0,0.0,2018-12-15 10:20:21 UTC,2018-12-15 10:20:21 UTC
705277,1543935600,RUNNERS,runners,4.2e-05,4.2e-05,4.2e-05,4.2e-05,0.0,0.0,2018-12-15 10:20:21 UTC,2018-12-15 10:20:21 UTC
705278,1543849200,RUNNERS,runners,4.2e-05,4.2e-05,4.2e-05,4.2e-05,0.0,0.0,2018-12-15 10:20:21 UTC,2018-12-15 10:20:21 UTC
705279,1543762800,RUNNERS,runners,4.2e-05,4.2e-05,4.2e-05,4.2e-05,0.0,0.0,2018-12-15 10:20:21 UTC,2018-12-15 10:20:21 UTC
705280,1543676400,RUNNERS,runners,4.2e-05,4.2e-05,4.2e-05,4.2e-05,0.0,0.0,2018-12-15 10:20:21 UTC,2018-12-15 10:20:21 UTC
705281,1543590000,RUNNERS,runners,4.0e-05,4.3e-05,4.0e-05,4.2e-05,1.0,0.0,2018-12-15 10:20:21 UTC,2018-12-15 10:20:21 UTC
705282,1543503600,RUNNERS,runners,4.3e-05,4.3e-05,3.9e-05,4.0e-05,6.0,0.0,2018-12-15 10:20:21 UTC,2018-12-15 10:20:21 UTC
705283,1543417200,RUNNERS,runners,4.3e-05,4.4e-05,4.1e-05,4.3e-05,1.0,0.0,2018-12-15 10:20:21 UTC,2018-12-15 10:20:21 UTC
705284,1543330800,RUNNERS,runners,3.9e-05,4.4e-05,3.9e-05,4.3e-05,1.0,0.0,2018-12-15 10:20:21 UTC,2018-12-15 10:20:21 UTC
705285,1543244400,RUNNERS,runners,3.8e-05,3.9e-05,3.6e-05,3.9e-05,0.0,0.0,2018-12-15 10:20:21 UTC,2018-12-15 10:20:21 UTC
705286,1543158000,RUNNERS,runners,3.7e-05,3.8e-05,3.7e-05,3.8e-05,0.0,0.0,2018-12-15 10:20:21 UTC,2018-12-15 10:20:21 UTC
705287,1543071600,RUNNERS,runners,3.9e-05,3.9e-05,3.7e-05,3.7e-05,0.0,0.0,2018-12-15 10:20:21 UTC,2018-12-15 10:20:21 UTC
705288,1542985200,RUNNERS,runners,4.3e-05,4.4e-05,3.8e-05,3.9e-05,1.0,0.0,2018-12-15 10:20:21 UTC,2018-12-15 10:20:21 UTC
705289,1542898800,RUNNERS,runners,4.6e-05,4.6e-05,4.3e-05,4.3e-05,3.0,0.0,2018-12-15 10:20:21 UTC,2018-12-15 10:20:21 UTC
705290,1542812400,RUNNERS,runners,4.6e-05,4.6e-05,4.5e-05,4.6e-05,0.0,0.0,2018-12-15 10:20:21 UTC,2018-12-15 10:20:21 UTC
705291,1542726000,RUNNERS,runners,4.4e-05,4.7e-05,4.3e-05,4.6e-05,1.0,0.0,2018-12-15 10:20:21 UTC,2018-12-15 10:20:21 UTC
705292,1542639600,RUNNERS,runners,4.8e-05,4.9e-05,4.2e-05,4.4e-05,71.0,0.0,2018-12-15 10:20:21 UTC,2018-12-15 10:20:21 UTC
705293,1542553200,RUNNERS,runners,5.6e-05,5.6e-05,4.8e-05,4.8e-05,1.0,0.0,2018-12-15 10:20:21 UTC,2018-12-15 10:20:21 UTC
705294,1542466800,RUNNERS,runners,5.6e-05,5.6e-05,5.6e-05,5.6e-05,58.0,0.0,2018-12-15 10:20:21 UTC,2018-12-15 10:20:21 UTC
705295,1542380400,RUNNERS,runners,5.6e-05,5.6e-05,5.6e-05,5.6e-05,0.0,0.0,2018-12-15 10:20:21 UTC,2018-12-15 10:20:21 UTC
705296,1542294000,RUNNERS,runners,5.6e-05,5.6e-05,5.5e-05,5.6e-05,0.0,0.0,2018-12-15 10:20:21 UTC,2018-12-15 10:20:21 UTC
705297,1542207600,RUNNERS,runners,6.3e-05,6.3e-05,5.5e-05,5.6e-05,3.0,0.0,2018-12-15 10:20:21 UTC,2018-12-15 10:20:21 UTC
705298,1542121200,RUNNERS,runners,6.3e-05,6.4e-05,6.3e-05,6.3e-05,0.0,0.0,2018-12-15 10:20:21 UTC,2018-12-15 10:20:21 UTC
705299,1542034800,RUNNERS,runners,6.4e-05,6.4e-05,6.3e-05,6.4e-05,107.0,0.0,2018-12-15 10:20:21 UTC,2018-12-15 10:20:21 UTC
705300,1541948400,RUNNERS,runners,6.4e-05,6.4e-05,6.4e-05,6.4e-05,0.0,0.0,2018-12-15 10:20:21 UTC,2018-12-15 10:20:21 UTC
705301,1541862000,RUNNERS,runners,6.4e-05,6.4e-05,6.4e-05,6.4e-05,0.0,0.0,2018-12-15 10:20:21 UTC,2018-12-15 10:20:21 UTC
705302,1541775600,RUNNERS,runners,6.5e-05,6.5e-05,6.4e-05,6.4e-05,7.0,0.0,2018-12-15 10:20:21 UTC,2018-12-15 10:20:21 UTC
705303,1541689200,RUNNERS,runners,6.5e-05,6.5e-05,6.5e-05,6.5e-05,0.0,0.0,2018-12-15 10:20:21 UTC,2018-12-15 10:20:21 UTC
705304,1541602800,RUNNERS,runners,6.5e-05,6.5e-05,6.5e-05,6.5e-05,0.0,0.0,2018-12-15 10:20:21 UTC,2018-12-15 10:20:21 UTC
705305,1541516400,RUNNERS,runners,6.5e-05,6.6e-05,6.5e-05,6.5e-05,6.0,0.0,2018-12-15 10:20:21 UTC,2018-12-15 10:20:21 UTC
705306,1541430000,RUNNERS,runners,6.4e-05,6.5e-05,6.4e-05,6.5e-05,4.0,0.0,2018-12-15 10:20:21 UTC,2018-12-15 10:20:21 UTC
705307,1541343600,RUNNERS,runners,6.3e-05,6.5e-05,6.3e-05,6.4e-05,5.0,0.0,2018-12-15 10:20:21 UTC,2018-12-15 10:20:21 UTC
705308,1541257200,RUNNERS,runners,6.3e-05,6.3e-05,6.3e-05,6.3e-05,0.0,0.0,2018-12-15 10:20:21 UTC,2018-12-15 10:20:21 UTC
705309,1541170800,RUNNERS,runners,6.3e-05,6.3e-05,6.3e-05,6.3e-05,0.0,0.0,2018-12-15 10:20:21 UTC,2018-12-15 10:20:21 UTC
705310,1541084400,RUNNERS,runners,6.3e-05,6.3e-05,6.3e-05,6.3e-05,0.0,0.0,2018-12-15 10:20:21 UTC,2018-12-15 10:20:21 UTC
705311,1540998000,RUNNERS,runners,6.3e-05,6.3e-05,6.3e-05,6.3e-05,0.0,0.0,2018-12-15 10:20:21 UTC,2018-12-15 10:20:21 UTC
705312,1540911600,RUNNERS,runners,6.3e-05,6.3e-05,6.3e-05,6.3e-05,1.0,0.0,2018-12-15 10:20:21 UTC,2018-12-15 10:20:21 UTC
705313,1540825200,RUNNERS,runners,6.4e-05,6.4e-05,6.3e-05,6.3e-05,2.0,0.0,2018-12-15 10:20:21 UTC,2018-12-15 10:20:21 UTC
705314,1540738800,RUNNERS,runners,6.5e-05,6.5e-05,6.4e-05,6.4e-05,0.0,0.0,2018-12-15 10:20:21 UTC,2018-12-15 10:20:21 UTC
705315,1540652400,RUNNERS,runners,6.5e-05,6.5e-05,6.4e-05,6.5e-05,8.0,0.0,2018-12-15 10:20:21 UTC,2018-12-15 10:20:21 UTC
705316,1540566000,RUNNERS,runners,6.5e-05,6.5e-05,6.4e-05,6.4e-05,8.0,0.0,2018-12-15 10:20:21 UTC,2018-12-15 10:20:21 UTC
705317,1540479600,RUNNERS,runners,6.5e-05,6.5e-05,6.5e-05,6.5e-05,0.0,0.0,2018-12-15 10:20:21 UTC,2018-12-15 10:20:21 UTC
705318,1540393200,RUNNERS,runners,6.5e-05,6.5e-05,6.5e-05,6.5e-05,0.0,0.0,2018-12-15 10:20:21 UTC,2018-12-15 10:20:21 UTC
705319,1540306800,RUNNERS,runners,6.4e-05,6.5e-05,6.4e-05,6.5e-05,0.0,0.0,2018-12-15 10:20:21 UTC,2018-12-15 10:20:21 UTC
705320,1540220400,RUNNERS,runners,6.4e-05,6.5e-05,6.4e-05,6.5e-05,1.0,0.0,2018-12-15 10:20:21 UTC,2018-12-15 10:20:21 UTC
705321,1540134000,RUNNERS,runners,6.5e-05,6.5e-05,6.4e-05,6.5e-05,1.0,0.0,2018-12-15 10:20:21 UTC,2018-12-15 10:20:21 UTC
705322,1540047600,RUNNERS,runners,6.5e-05,6.6e-05,6.4e-05,6.5e-05,1.0,0.0,2018-12-15 10:20:21 UTC,2018-12-15 10:20:21 UTC
705323,1539961200,RUNNERS,runners,6.5e-05,6.5e-05,6.4e-05,6.5e-05,1.0,0.0,2018-12-15 10:20:21 UTC,2018-12-15 10:20:21 UTC
705324,1539874800,RUNNERS,runners,6.5e-05,6.5e-05,6.4e-05,6.5e-05,5.0,0.0,2018-12-15 10:20:21 UTC,2018-12-15 10:20:21 UTC
705325,1539788400,RUNNERS,runners,6.5e-05,6.5e-05,6.4e-05,6.5e-05,5.0,0.0,2018-12-15 10:20:21 UTC,2018-12-15 10:20:21 UTC
705326,1539702000,RUNNERS,runners,6.6e-05,6.6e-05,6.5e-05,6.5e-05,8.0,0.0,2018-12-15 10:20:21 UTC,2018-12-15 10:20:21 UTC
705327,1539615600,RUNNERS,runners,6.6e-05,6.7e-05,6.5e-05,6.6e-05,8.0,0.0,2018-12-15 10:20:21 UTC,2018-12-15 10:20:21 UTC
705328,1539529200,RUNNERS,runners,6.3e-05,7.1e-05,6.3e-05,6.6e-05,4.0,0.0,2018-12-15 10:20:21 UTC,2018-12-15 10:20:21 UTC
705329,1539356400,RUNNERS,runners,6.2e-05,6.3e-05,6.2e-05,6.3e-05,16.0,0.0,2018-12-15 10:20:21 UTC,2018-12-15 10:20:21 UTC
705330,1539270000,RUNNERS,runners,6.3e-05,6.3e-05,6.2e-05,6.2e-05,16.0,0.0,2018-12-15 10:20:21 UTC,2018-12-15 10:20:21 UTC
705331,1538924400,RUNNERS,runners,6.6e-05,6.7e-05,6.5e-05,6.6e-05,1.0,0.0,2018-12-15 10:20:21 UTC,2018-12-15 10:20:21 UTC
705332,1538838000,RUNNERS,runners,6.6e-05,6.6e-05,6.5e-05,6.6e-05,1.0,0.0,2018-12-15 10:20:21 UTC,2018-12-15 10:20:21 UTC
705333,1538751600,RUNNERS,runners,6.6e-05,6.6e-05,6.6e-05,6.6e-05,13.0,0.0,2018-12-15 10:20:21 UTC,2018-12-15 10:20:21 UTC
705334,1538665200,RUNNERS,runners,6.6e-05,6.6e-05,6.5e-05,6.6e-05,9.0,0.0,2018-12-15 10:20:21 UTC,2018-12-15 10:20:21 UTC
705335,1538578800,RUNNERS,runners,6.6e-05,6.6e-05,6.5e-05,6.5e-05,9.0,0.0,2018-12-15 10:20:21 UTC,2018-12-15 10:20:21 UTC
705336,1538492400,RUNNERS,runners,6.5e-05,6.5e-05,6.4e-05,6.5e-05,2.0,0.0,2018-12-15 10:20:21 UTC,2018-12-15 10:20:21 UTC
705337,1538406000,RUNNERS,runners,6.5e-05,6.6e-05,6.5e-05,6.5e-05,2.0,0.0,2018-12-15 10:20:21 UTC,2018-12-15 10:20:21 UTC
705338,1538233200,RUNNERS,runners,6.6e-05,6.6e-05,6.6e-05,6.6e-05,1.0,0.0,2018-12-15 10:20:21 UTC,2018-12-15 10:20:21 UTC
705339,1538146800,RUNNERS,runners,0.000133,0.000133,6.5e-05,6.6e-05,108.0,0.0,2018-12-15 10:20:21 UTC,2018-12-15 10:20:21 UTC
705340,1538060400,RUNNERS,runners,0.000134,0.000136,0.000131,0.000133,487.0,0.0,2018-12-15 10:20:21 UTC,2018-12-15 10:20:21 UTC
705341,1537974000,RUNNERS,runners,0.000129,0.000134,0.000129,0.000134,21.0,0.0,2018-12-15 10:20:21 UTC,2018-12-15 10:20:21 UTC
705342,1537887600,RUNNERS,runners,0.000128,0.000131,0.000128,0.000129,41.0,0.0,2018-12-15 10:20:21 UTC,2018-12-15 10:20:21 UTC
705343,1537801200,RUNNERS,runners,0.000132,0.000132,0.000127,0.000129,1.0,0.0,2018-12-15 10:20:21 UTC,2018-12-15 10:20:21 UTC
705344,1537714800,RUNNERS,runners,0.000134,0.000199,0.000131,0.000132,56.0,0.0,2018-12-15 10:20:21 UTC,2018-12-15 10:20:21 UTC
705345,1537628400,RUNNERS,runners,0.000134,0.000135,0.000133,0.000134,2.0,0.0,2018-12-15 10:20:21 UTC,2018-12-15 10:20:21 UTC
705346,1537542000,RUNNERS,runners,0.000135,0.000136,0.000131,0.000134,2.0,0.0,2018-12-15 10:20:21 UTC,2018-12-15 10:20:21 UTC
705347,1537455600,RUNNERS,runners,0.000134,0.000135,0.000133,0.000135,9.0,0.0,2018-12-15 10:20:21 UTC,2018-12-15 10:20:21 UTC
705348,1537369200,RUNNERS,runners,0.000128,0.000129,0.000128,0.000128,37.0,0.0,2018-12-15 10:20:21 UTC,2018-12-15 10:20:21 UTC
705349,1537282800,RUNNERS,runners,0.000127,0.000129,0.000126,0.000128,37.0,0.0,2018-12-15 10:20:22 UTC,2018-12-15 10:20:22 UTC
705350,1537196400,RUNNERS,runners,0.000125,0.000128,0.000125,0.000127,7.0,0.0,2018-12-15 10:20:22 UTC,2018-12-15 10:20:22 UTC
705351,1537110000,RUNNERS,runners,0.00013,0.00013,0.000125,0.000125,2.0,0.0,2018-12-15 10:20:22 UTC,2018-12-15 10:20:22 UTC
705352,1537023600,RUNNERS,runners,0.000131,0.000131,0.000129,0.000129,2.0,0.0,2018-12-15 10:20:22 UTC,2018-12-15 10:20:22 UTC
705353,1536937200,RUNNERS,runners,0.000131,0.000131,0.00013,0.00013,3.0,0.0,2018-12-15 10:20:22 UTC,2018-12-15 10:20:22 UTC
705354,1536850800,RUNNERS,runners,0.00013,0.000132,0.000128,0.000129,2.0,0.0,2018-12-15 10:20:22 UTC,2018-12-15 10:20:22 UTC
705355,1536764400,RUNNERS,runners,0.00013,0.00013,0.000129,0.00013,2.0,0.0,2018-12-15 10:20:22 UTC,2018-12-15 10:20:22 UTC
705356,1536678000,RUNNERS,runners,0.000126,0.000127,0.000125,0.000126,1.0,0.0,2018-12-15 10:20:22 UTC,2018-12-15 10:20:22 UTC
705357,1536591600,RUNNERS,runners,0.000126,0.00019,0.000125,0.000126,4.0,0.0,2018-12-15 10:20:22 UTC,2018-12-15 10:20:22 UTC
705358,1536505200,RUNNERS,runners,0.000126,0.000127,0.000125,0.000126,35.0,0.0,2018-12-15 10:20:22 UTC,2018-12-15 10:20:22 UTC
705359,1536418800,RUNNERS,runners,0.000124,0.000128,0.000123,0.000128,2.0,0.0,2018-12-15 10:20:22 UTC,2018-12-15 10:20:22 UTC
705360,1536332400,RUNNERS,runners,0.000129,0.000131,0.000123,0.000124,4.0,0.0,2018-12-15 10:20:22 UTC,2018-12-15 10:20:22 UTC
705361,1536246000,RUNNERS,runners,0.00013,0.000131,0.000128,0.000129,1.0,0.0,2018-12-15 10:20:22 UTC,2018-12-15 10:20:22 UTC
705362,1536159600,RUNNERS,runners,0.000201,0.000201,0.000128,0.00013,7.0,0.0,2018-12-15 10:20:22 UTC,2018-12-15 10:20:22 UTC
705363,1536073200,RUNNERS,runners,0.000221,0.000295,0.000201,0.000201,143.0,0.0,2018-12-15 10:20:22 UTC,2018-12-15 10:20:22 UTC
705364,1535986800,RUNNERS,runners,0.000218,0.000292,0.000217,0.000221,11.0,0.0,2018-12-15 10:20:22 UTC,2018-12-15 10:20:22 UTC
705365,1535900400,RUNNERS,runners,0.000219,0.00022,0.000216,0.000218,5.0,0.0,2018-12-15 10:20:22 UTC,2018-12-15 10:20:22 UTC
705366,1535814000,RUNNERS,runners,0.000288,0.000288,0.000214,0.000219,8.0,0.0,2018-12-15 10:20:22 UTC,2018-12-15 10:20:22 UTC
705367,1535727600,RUNNERS,runners,0.000211,0.00029,0.000211,0.000287,21.0,0.0,2018-12-15 10:20:22 UTC,2018-12-15 10:20:22 UTC
705368,1535641200,RUNNERS,runners,0.00021,0.000212,0.000207,0.000211,1.0,0.0,2018-12-15 10:20:22 UTC,2018-12-15 10:20:22 UTC
705369,1535554800,RUNNERS,runners,0.000282,0.000283,0.000205,0.00021,1.0,0.0,2018-12-15 10:20:22 UTC,2018-12-15 10:20:22 UTC
705370,1535468400,RUNNERS,runners,0.000284,0.000284,0.000209,0.000282,6.0,0.0,2018-12-15 10:20:22 UTC,2018-12-15 10:20:22 UTC
705371,1535382000,RUNNERS,runners,0.000207,0.000285,0.000206,0.000283,10.0,0.0,2018-12-15 10:20:22 UTC,2018-12-15 10:20:22 UTC
705372,1535295600,RUNNERS,runners,0.000202,0.000207,0.0002,0.000207,18.0,0.0,2018-12-15 10:20:22 UTC,2018-12-15 10:20:22 UTC
705373,1535209200,RUNNERS,runners,0.000203,0.000203,0.000198,0.000202,411.0,0.0,2018-12-15 10:20:22 UTC,2018-12-15 10:20:22 UTC
705374,1535122800,RUNNERS,runners,0.000134,0.000203,0.000134,0.000202,140.0,0.0,2018-12-15 10:20:22 UTC,2018-12-15 10:20:22 UTC
705375,1535036400,RUNNERS,runners,0.000131,0.000135,0.00013,0.000134,94.0,0.0,2018-12-15 10:20:22 UTC,2018-12-15 10:20:22 UTC
705376,1534950000,RUNNERS,runners,0.000129,0.000131,0.000128,0.000131,14.0,0.0,2018-12-15 10:20:22 UTC,2018-12-15 10:20:22 UTC
705377,1534863600,RUNNERS,runners,0.00013,0.000136,0.000129,0.000134,27.0,0.0,2018-12-15 10:20:22 UTC,2018-12-15 10:20:22 UTC
705378,1534777200,RUNNERS,runners,0.000126,0.00013,0.000126,0.00013,27.0,0.0,2018-12-15 10:20:22 UTC,2018-12-15 10:20:22 UTC
705379,1534690800,RUNNERS,runners,0.00013,0.000131,0.000125,0.000126,27.0,0.0,2018-12-15 10:20:22 UTC,2018-12-15 10:20:22 UTC
705380,1534604400,RUNNERS,runners,0.000128,0.000131,0.000127,0.00013,2.0,0.0,2018-12-15 10:20:22 UTC,2018-12-15 10:20:22 UTC
705381,1534518000,RUNNERS,runners,0.000132,0.000132,0.000127,0.000128,1.0,0.0,2018-12-15 10:20:22 UTC,2018-12-15 10:20:22 UTC
705382,1534431600,RUNNERS,runners,0.000126,0.000132,0.000126,0.000132,2.0,0.0,2018-12-15 10:20:22 UTC,2018-12-15 10:20:22 UTC
705383,1534345200,RUNNERS,runners,0.000125,0.000129,0.000125,0.000126,14.0,0.0,2018-12-15 10:20:22 UTC,2018-12-15 10:20:22 UTC
705384,1534258800,RUNNERS,runners,0.000127,0.000132,0.000125,0.000126,1.0,0.0,2018-12-15 10:20:22 UTC,2018-12-15 10:20:22 UTC
705385,1534172400,RUNNERS,runners,0.000125,0.000125,0.000119,0.000124,74.0,0.0,2018-12-15 10:20:22 UTC,2018-12-15 10:20:22 UTC
705386,1534086000,RUNNERS,runners,0.000126,0.000129,0.000124,0.000125,79.0,0.0,2018-12-15 10:20:22 UTC,2018-12-15 10:20:22 UTC
705387,1533999600,RUNNERS,runners,0.000127,0.000128,0.000124,0.000127,1.0,0.0,2018-12-15 10:20:22 UTC,2018-12-15 10:20:22 UTC
705388,1533913200,RUNNERS,runners,0.000123,0.000123,0.000121,0.000122,1.0,0.0,2018-12-15 10:20:22 UTC,2018-12-15 10:20:22 UTC
705389,1533826800,RUNNERS,runners,0.000129,0.00013,0.000121,0.000123,1.0,0.0,2018-12-15 10:20:22 UTC,2018-12-15 10:20:22 UTC
705390,1533654000,RUNNERS,runners,0.000135,0.000135,0.000128,0.00013,2.0,0.0,2018-12-15 10:20:22 UTC,2018-12-15 10:20:22 UTC
705391,1533567600,RUNNERS,runners,0.000139,0.000143,0.000134,0.000134,2.0,0.0,2018-12-15 10:20:22 UTC,2018-12-15 10:20:22 UTC
705392,1533481200,RUNNERS,runners,0.000212,0.000215,0.000137,0.000139,148.0,0.0,2018-12-15 10:20:22 UTC,2018-12-15 10:20:22 UTC
705393,1533394800,RUNNERS,runners,0.00021,0.000284,0.000207,0.000211,88.0,0.0,2018-12-15 10:20:22 UTC,2018-12-15 10:20:22 UTC
705394,1533308400,RUNNERS,runners,0.000224,0.000224,0.000209,0.00021,14.0,0.0,2018-12-15 10:20:22 UTC,2018-12-15 10:20:22 UTC
705395,1533222000,RUNNERS,runners,0.000226,0.000226,0.000219,0.000226,2.0,0.0,2018-12-15 10:20:22 UTC,2018-12-15 10:20:22 UTC
705396,1533135600,RUNNERS,runners,0.000228,0.000231,0.000225,0.000226,5.0,0.0,2018-12-15 10:20:22 UTC,2018-12-15 10:20:22 UTC
705397,1533049200,RUNNERS,runners,0.000232,0.000233,0.000224,0.000228,11.0,0.0,2018-12-15 10:20:22 UTC,2018-12-15 10:20:22 UTC
705398,1532962800,RUNNERS,runners,0.000245,0.000245,0.00023,0.000232,13.0,0.0,2018-12-15 10:20:22 UTC,2018-12-15 10:20:22 UTC
705399,1532876400,RUNNERS,runners,0.000247,0.000247,0.000236,0.000246,3.0,0.0,2018-12-15 10:20:22 UTC,2018-12-15 10:20:22 UTC
705400,1532790000,RUNNERS,runners,0.000247,0.000248,0.000244,0.000246,536.0,0.0,2018-12-15 10:20:22 UTC,2018-12-15 10:20:22 UTC
705401,1532703600,RUNNERS,runners,0.000245,0.000247,0.000243,0.000246,21.0,0.0,2018-12-15 10:20:22 UTC,2018-12-15 10:20:22 UTC
705402,1532617200,RUNNERS,runners,0.000238,0.000248,0.000235,0.000245,50.0,0.0,2018-12-15 10:20:22 UTC,2018-12-15 10:20:22 UTC
705403,1532530800,RUNNERS,runners,0.000245,0.000249,0.000236,0.000239,79.0,0.0,2018-12-15 10:20:22 UTC,2018-12-15 10:20:22 UTC
705404,1532444400,RUNNERS,runners,0.000248,0.000254,0.000242,0.000245,249.0,0.0,2018-12-15 10:20:22 UTC,2018-12-15 10:20:22 UTC
705405,1532358000,RUNNERS,runners,0.000232,0.000331,0.000231,0.000253,114.0,0.0,2018-12-15 10:20:22 UTC,2018-12-15 10:20:22 UTC
705406,1532271600,RUNNERS,runners,0.000222,0.000233,0.000222,0.000231,23.0,0.0,2018-12-15 10:20:22 UTC,2018-12-15 10:20:22 UTC
705407,1532185200,RUNNERS,runners,0.000222,0.000226,0.000221,0.000222,23.0,0.0,2018-12-15 10:20:22 UTC,2018-12-15 10:20:22 UTC
705408,1532098800,RUNNERS,runners,0.00022,0.000223,0.000217,0.000222,1.0,0.0,2018-12-15 10:20:22 UTC,2018-12-15 10:20:22 UTC
705409,1532012400,RUNNERS,runners,0.000224,0.000229,0.000219,0.00022,85.0,0.0,2018-12-15 10:20:22 UTC,2018-12-15 10:20:22 UTC
705410,1531926000,RUNNERS,runners,0.000221,0.000225,0.000219,0.000224,726.0,0.0,2018-12-15 10:20:22 UTC,2018-12-15 10:20:22 UTC
705411,1531839600,RUNNERS,runners,0.00022,0.000227,0.000218,0.000221,3.0,0.0,2018-12-15 10:20:22 UTC,2018-12-15 10:20:22 UTC
705412,1531753200,RUNNERS,runners,0.000202,0.000296,0.0002,0.00022,386.0,0.0,2018-12-15 10:20:22 UTC,2018-12-15 10:20:22 UTC
705413,1531666800,RUNNERS,runners,0.000191,0.000202,0.00019,0.000202,5.0,0.0,2018-12-15 10:20:22 UTC,2018-12-15 10:20:22 UTC
705414,1531580400,RUNNERS,runners,0.000188,0.000192,0.000187,0.000191,2.0,0.0,2018-12-15 10:20:22 UTC,2018-12-15 10:20:22 UTC
705415,1531494000,RUNNERS,runners,0.000187,0.000189,0.000186,0.000188,1.0,0.0,2018-12-15 10:20:22 UTC,2018-12-15 10:20:22 UTC
705416,1531407600,RUNNERS,runners,0.000187,0.000189,0.000185,0.000188,3.0,0.0,2018-12-15 10:20:22 UTC,2018-12-15 10:20:22 UTC
705417,1531321200,RUNNERS,runners,0.000192,0.000192,0.000184,0.000187,9.0,0.0,2018-12-15 10:20:22 UTC,2018-12-15 10:20:22 UTC
705418,1531234800,RUNNERS,runners,0.00019,0.000193,0.00019,0.000192,22.0,0.0,2018-12-15 10:20:22 UTC,2018-12-15 10:20:22 UTC
705419,1531148400,RUNNERS,runners,0.0002,0.0002,0.000189,0.00019,27.0,0.0,2018-12-15 10:20:22 UTC,2018-12-15 10:20:22 UTC
705420,1531062000,RUNNERS,runners,0.000201,0.000203,0.000199,0.0002,24.0,0.0,2018-12-15 10:20:22 UTC,2018-12-15 10:20:22 UTC
705421,1530975600,RUNNERS,runners,0.000203,0.000203,0.000201,0.000201,70.0,0.0,2018-12-15 10:20:22 UTC,2018-12-15 10:20:22 UTC
705422,1530889200,RUNNERS,runners,0.000198,0.000204,0.000196,0.000203,4.0,0.0,2018-12-15 10:20:22 UTC,2018-12-15 10:20:22 UTC
705423,1530802800,RUNNERS,runners,0.000196,0.000264,0.000195,0.000198,98.0,0.0,2018-12-15 10:20:22 UTC,2018-12-15 10:20:22 UTC
705424,1530716400,RUNNERS,runners,0.000198,0.0002,0.000194,0.000196,24.0,0.0,2018-12-15 10:20:22 UTC,2018-12-15 10:20:22 UTC
705425,1530630000,RUNNERS,runners,0.00026,0.000272,0.000197,0.000197,317.0,0.0,2018-12-15 10:20:22 UTC,2018-12-15 10:20:22 UTC
705426,1530543600,RUNNERS,runners,0.000197,0.000266,0.000197,0.00026,241.0,0.0,2018-12-15 10:20:22 UTC,2018-12-15 10:20:22 UTC
705427,1530457200,RUNNERS,runners,0.00019,0.000266,0.000188,0.000198,165.0,0.0,2018-12-15 10:20:22 UTC,2018-12-15 10:20:22 UTC
705428,1530370800,RUNNERS,runners,0.000192,0.000193,0.000189,0.00019,3.0,0.0,2018-12-15 10:20:22 UTC,2018-12-15 10:20:22 UTC
705429,1530284400,RUNNERS,runners,0.000186,0.000194,0.000186,0.000192,2.0,0.0,2018-12-15 10:20:22 UTC,2018-12-15 10:20:22 UTC
705430,1530198000,RUNNERS,runners,0.000235,0.000237,0.000176,0.000186,148.0,0.0,2018-12-15 10:20:22 UTC,2018-12-15 10:20:22 UTC
705431,1530111600,RUNNERS,runners,0.000245,0.000246,0.000233,0.000235,189.0,0.0,2018-12-15 10:20:22 UTC,2018-12-15 10:20:22 UTC
705432,1530025200,RUNNERS,runners,0.000182,0.000246,0.000181,0.000245,337.0,0.0,2018-12-15 10:20:22 UTC,2018-12-15 10:20:22 UTC
705433,1529938800,RUNNERS,runners,0.000187,0.00025,0.000182,0.000182,13.0,0.0,2018-12-15 10:20:22 UTC,2018-12-15 10:20:22 UTC
705434,1529852400,RUNNERS,runners,0.000185,0.000189,0.000183,0.000187,1.0,0.0,2018-12-15 10:20:22 UTC,2018-12-15 10:20:22 UTC
705435,1529766000,RUNNERS,runners,0.000247,0.000247,0.000173,0.000185,843.0,0.0,2018-12-15 10:20:22 UTC,2018-12-15 10:20:22 UTC
705436,1529679600,RUNNERS,runners,0.000182,0.00025,0.000181,0.000247,26.0,0.0,2018-12-15 10:20:22 UTC,2018-12-15 10:20:22 UTC
705437,1529593200,RUNNERS,runners,0.000269,0.000269,0.000181,0.000182,208.0,0.0,2018-12-15 10:20:22 UTC,2018-12-15 10:20:22 UTC
705438,1529506800,RUNNERS,runners,0.00027,0.000406,0.000268,0.000269,2623.0,0.0,2018-12-15 10:20:22 UTC,2018-12-15 10:20:22 UTC
705439,1529420400,RUNNERS,runners,0.000203,0.000405,0.000198,0.00027,71234.0,0.0,2018-12-15 10:20:22 UTC,2018-12-15 10:20:22 UTC
705440,1529334000,RUNNERS,runners,0.000202,0.000204,0.000201,0.000203,201.0,0.0,2018-12-15 10:20:22 UTC,2018-12-15 10:20:22 UTC
705441,1529247600,RUNNERS,runners,0.000194,0.000258,0.000193,0.000202,1271.0,0.0,2018-12-15 10:20:22 UTC,2018-12-15 10:20:22 UTC
705442,1529161200,RUNNERS,runners,0.000196,0.000197,0.000194,0.000195,4.0,0.0,2018-12-15 10:20:22 UTC,2018-12-15 10:20:22 UTC
705443,1529074800,RUNNERS,runners,0.000193,0.000197,0.000127,0.000195,52.0,0.0,2018-12-15 10:20:22 UTC,2018-12-15 10:20:22 UTC
705444,1528988400,RUNNERS,runners,0.000199,0.0002,0.000192,0.000193,195.0,0.0,2018-12-15 10:20:22 UTC,2018-12-15 10:20:22 UTC
705445,1528902000,RUNNERS,runners,0.00019,0.000201,0.000189,0.0002,14.0,0.0,2018-12-15 10:20:22 UTC,2018-12-15 10:20:22 UTC
705446,1528815600,RUNNERS,runners,0.000197,0.000199,0.000186,0.00019,7.0,0.0,2018-12-15 10:20:22 UTC,2018-12-15 10:20:22 UTC
705447,1528729200,RUNNERS,runners,0.000207,0.000207,0.000195,0.000197,142.0,0.0,2018-12-15 10:20:22 UTC,2018-12-15 10:20:22 UTC
705448,1528642800,RUNNERS,runners,0.000203,0.000208,0.0002,0.000207,3.0,0.0,2018-12-15 10:20:22 UTC,2018-12-15 10:20:22 UTC
705449,1528556400,RUNNERS,runners,0.000225,0.00029,0.0002,0.000203,19.0,0.0,2018-12-15 10:20:22 UTC,2018-12-15 10:20:22 UTC
705450,1528470000,RUNNERS,runners,0.000229,0.000231,0.000225,0.000225,121.0,0.0,2018-12-15 10:20:22 UTC,2018-12-15 10:20:22 UTC
705451,1528383600,RUNNERS,runners,0.00023,0.000307,0.000228,0.000229,808.0,0.0,2018-12-15 10:20:22 UTC,2018-12-15 10:20:22 UTC
705452,1528297200,RUNNERS,runners,0.00023,0.000309,0.00023,0.00023,310.0,0.0,2018-12-15 10:20:22 UTC,2018-12-15 10:20:22 UTC
705453,1528210800,RUNNERS,runners,0.000229,0.000231,0.000225,0.000229,3.0,0.0,2018-12-15 10:20:22 UTC,2018-12-15 10:20:22 UTC
705454,1528124400,RUNNERS,runners,0.000225,0.000229,0.000221,0.000229,49.0,0.0,2018-12-15 10:20:22 UTC,2018-12-15 10:20:22 UTC
705455,1528038000,RUNNERS,runners,0.000231,0.000232,0.000224,0.000225,202.0,0.0,2018-12-15 10:20:22 UTC,2018-12-15 10:20:22 UTC
705456,1527951600,RUNNERS,runners,0.000229,0.000232,0.000228,0.000231,9.0,0.0,2018-12-15 10:20:22 UTC,2018-12-15 10:20:22 UTC
705457,1527865200,RUNNERS,runners,0.000225,0.00023,0.000224,0.000229,38.0,0.0,2018-12-15 10:20:22 UTC,2018-12-15 10:20:22 UTC
705458,1527778800,RUNNERS,runners,0.000225,0.000228,0.000221,0.000226,720.0,0.0,2018-12-15 10:20:22 UTC,2018-12-15 10:20:22 UTC
705459,1527692400,RUNNERS,runners,0.000221,0.000228,0.00022,0.000225,36.0,0.0,2018-12-15 10:20:22 UTC,2018-12-15 10:20:22 UTC
705460,1527606000,RUNNERS,runners,0.000224,0.000227,0.000219,0.000222,20.0,0.0,2018-12-15 10:20:22 UTC,2018-12-15 10:20:22 UTC
705461,1527519600,RUNNERS,runners,0.000214,0.000226,0.000212,0.000224,283.0,0.0,2018-12-15 10:20:22 UTC,2018-12-15 10:20:22 UTC
705462,1527433200,RUNNERS,runners,0.00022,0.000222,0.000213,0.000214,1.0,0.0,2018-12-15 10:20:22 UTC,2018-12-15 10:20:22 UTC
705463,1527346800,RUNNERS,runners,0.00022,0.000221,0.000217,0.00022,108.0,0.0,2018-12-15 10:20:22 UTC,2018-12-15 10:20:22 UTC
705464,1527260400,RUNNERS,runners,0.000224,0.000229,0.000219,0.00022,1.0,0.0,2018-12-15 10:20:22 UTC,2018-12-15 10:20:22 UTC
705465,1527174000,RUNNERS,runners,0.000227,0.000298,0.000221,0.000224,102.0,0.0,2018-12-15 10:20:22 UTC,2018-12-15 10:20:22 UTC
705466,1527087600,RUNNERS,runners,0.000301,0.000309,0.000218,0.000226,2.0,0.0,2018-12-15 10:20:22 UTC,2018-12-15 10:20:22 UTC
705467,1527001200,RUNNERS,runners,0.0004,0.000401,0.000235,0.000302,228.0,0.0,2018-12-15 10:20:22 UTC,2018-12-15 10:20:22 UTC
705468,1526914800,RUNNERS,runners,0.000336,0.000404,0.000242,0.000401,28.0,0.0,2018-12-15 10:20:22 UTC,2018-12-15 10:20:22 UTC
705469,1526828400,RUNNERS,runners,0.000256,0.000336,0.00025,0.000336,81.0,0.0,2018-12-15 10:20:22 UTC,2018-12-15 10:20:22 UTC
705470,1526742000,RUNNERS,runners,0.000247,0.000257,0.000246,0.000256,648.0,0.0,2018-12-15 10:20:22 UTC,2018-12-15 10:20:22 UTC
705471,1526655600,RUNNERS,runners,0.00033,0.000416,0.000246,0.000247,144.0,0.0,2018-12-15 10:20:22 UTC,2018-12-15 10:20:22 UTC
705472,1526569200,RUNNERS,runners,0.000242,0.000331,0.000239,0.00033,303.0,0.0,2018-12-15 10:20:22 UTC,2018-12-15 10:20:22 UTC
705473,1526482800,RUNNERS,runners,0.000334,0.000419,0.000241,0.000242,1290.0,0.0,2018-12-15 10:20:22 UTC,2018-12-15 10:20:22 UTC
705474,1526396400,RUNNERS,runners,0.000339,0.000505,0.00033,0.000334,3829.0,0.0,2018-12-15 10:20:22 UTC,2018-12-15 10:20:22 UTC
705475,1526310000,RUNNERS,runners,0.000347,0.000441,0.000338,0.00034,90.0,0.0,2018-12-15 10:20:22 UTC,2018-12-15 10:20:22 UTC
705476,1526223600,RUNNERS,runners,0.000348,0.000354,0.000333,0.000348,373.0,0.0,2018-12-15 10:20:22 UTC,2018-12-15 10:20:22 UTC
705477,1526137200,RUNNERS,runners,0.000339,0.000436,0.000335,0.000348,2170.0,0.0,2018-12-15 10:20:22 UTC,2018-12-15 10:20:22 UTC
705478,1526050800,RUNNERS,runners,0.00042,0.000423,0.000329,0.000339,499.0,0.0,2018-12-15 10:20:22 UTC,2018-12-15 10:20:22 UTC
705479,1525964400,RUNNERS,runners,0.000271,0.000422,0.000256,0.000421,913.0,0.0,2018-12-15 10:20:22 UTC,2018-12-15 10:20:22 UTC
705480,1525878000,RUNNERS,runners,0.000373,0.000376,0.000271,0.000271,1760.0,0.0,2018-12-15 10:20:22 UTC,2018-12-15 10:20:22 UTC
705481,1525791600,RUNNERS,runners,0.000368,0.000374,0.00036,0.000373,36.0,0.0,2018-12-15 10:20:22 UTC,2018-12-15 10:20:22 UTC
705482,1525705200,RUNNERS,runners,0.000375,0.000378,0.000272,0.000369,905.0,0.0,2018-12-15 10:20:22 UTC,2018-12-15 10:20:22 UTC
705483,1525618800,RUNNERS,runners,0.000385,0.000385,0.000368,0.000374,959.0,0.0,2018-12-15 10:20:22 UTC,2018-12-15 10:20:22 UTC
705484,1525532400,RUNNERS,runners,0.000393,0.000397,0.000378,0.000384,251.0,0.0,2018-12-15 10:20:22 UTC,2018-12-15 10:20:22 UTC
705485,1525446000,RUNNERS,runners,0.000388,0.000398,0.000387,0.000393,271.0,0.0,2018-12-15 10:20:22 UTC,2018-12-15 10:20:22 UTC
705486,1525359600,RUNNERS,runners,0.00039,0.000488,0.000383,0.000388,1035.0,0.0,2018-12-15 10:20:22 UTC,2018-12-15 10:20:22 UTC
705487,1525273200,RUNNERS,runners,0.000369,0.000466,0.000368,0.00039,1182.0,0.0,2018-12-15 10:20:22 UTC,2018-12-15 10:20:22 UTC
705488,1525186800,RUNNERS,runners,0.000363,0.000456,0.000359,0.000369,4738.0,0.0,2018-12-15 10:20:22 UTC,2018-12-15 10:20:22 UTC
705489,1525100400,RUNNERS,runners,0.000462,0.000544,0.000356,0.000364,2435.0,0.0,2018-12-15 10:20:22 UTC,2018-12-15 10:20:22 UTC
705490,1525014000,RUNNERS,runners,0.000564,0.000747,0.000459,0.000554,16993.0,0.0,2018-12-15 10:20:22 UTC,2018-12-15 10:20:22 UTC
705491,1524927600,RUNNERS,runners,0.000374,0.000745,0.000368,0.000564,246305.0,0.0,2018-12-15 10:20:22 UTC,2018-12-15 10:20:22 UTC
705492,1524841200,RUNNERS,runners,0.000357,0.00047,0.000356,0.000374,355.0,0.0,2018-12-15 10:20:22 UTC,2018-12-15 10:20:22 UTC
705493,1524754800,RUNNERS,runners,0.000372,0.000375,0.000358,0.000358,118.0,0.0,2018-12-15 10:20:22 UTC,2018-12-15 10:20:22 UTC
705494,1524668400,RUNNERS,runners,0.000443,0.000447,0.000347,0.000371,1158.0,0.0,2018-12-15 10:20:22 UTC,2018-12-15 10:20:22 UTC
705495,1524582000,RUNNERS,runners,0.000485,0.000585,0.000352,0.00044,2266.0,0.0,2018-12-15 10:20:22 UTC,2018-12-15 10:20:22 UTC
705496,1524495600,RUNNERS,runners,0.000446,0.000488,0.000357,0.000488,4035.0,0.0,2018-12-15 10:20:22 UTC,2018-12-15 10:20:22 UTC
705497,1524409200,RUNNERS,runners,0.000439,0.000532,0.000353,0.000446,3251.0,0.0,2018-12-15 10:20:22 UTC,2018-12-15 10:20:22 UTC
705498,1524322800,RUNNERS,runners,0.000357,0.000794,0.000352,0.00044,12711.0,0.0,2018-12-15 10:20:22 UTC,2018-12-15 10:20:22 UTC
705499,1524236400,RUNNERS,runners,0.000442,0.000527,0.000349,0.000357,2114.0,0.0,2018-12-15 10:20:22 UTC,2018-12-15 10:20:22 UTC
705500,1524150000,RUNNERS,runners,0.000579,0.000666,0.000339,0.000442,4557.0,0.0,2018-12-15 10:20:22 UTC,2018-12-15 10:20:22 UTC
705501,1524063600,RUNNERS,runners,0.000653,0.000658,0.000406,0.000578,6370.0,0.0,2018-12-15 10:20:22 UTC,2018-12-15 10:20:22 UTC
705502,1523977200,RUNNERS,runners,0.001184,0.00127,0.000561,0.000653,54282.0,0.0,2018-12-15 10:20:22 UTC,2018-12-15 10:20:22 UTC
705503,1523890800,RUNNERS,runners,0.000402,0.002569,0.000321,0.001104,574460.0,0.0,2018-12-15 10:20:22 UTC,2018-12-15 10:20:22 UTC
705504,1523804400,RUNNERS,runners,0.00025,0.000798,0.000241,0.000402,49013.0,0.0,2018-12-15 10:20:22 UTC,2018-12-15 10:20:22 UTC
705505,1523718000,RUNNERS,runners,0.00024,0.000335,0.00024,0.00025,151.0,0.0,2018-12-15 10:20:22 UTC,2018-12-15 10:20:22 UTC
705506,1523631600,RUNNERS,runners,0.000236,0.000327,0.000235,0.00024,238.0,0.0,2018-12-15 10:20:22 UTC,2018-12-15 10:20:22 UTC
705507,1523545200,RUNNERS,runners,0.000238,0.000246,0.000163,0.000236,624.0,0.0,2018-12-15 10:20:22 UTC,2018-12-15 10:20:22 UTC
705508,1523458800,RUNNERS,runners,0.000208,0.000238,0.000154,0.000237,225.0,0.0,2018-12-15 10:20:22 UTC,2018-12-15 10:20:22 UTC
705509,1523372400,RUNNERS,runners,0.000205,0.000278,0.000204,0.000209,86.0,0.0,2018-12-15 10:20:22 UTC,2018-12-15 10:20:22 UTC
705510,1523286000,RUNNERS,runners,0.000203,0.00027,0.000201,0.000205,34.0,0.0,2018-12-15 10:20:22 UTC,2018-12-15 10:20:22 UTC
705511,1523199600,RUNNERS,runners,0.000211,0.000268,0.000141,0.000203,159.0,0.0,2018-12-15 10:20:22 UTC,2018-12-15 10:20:22 UTC
705512,1523113200,RUNNERS,runners,0.000207,0.000213,0.000139,0.00021,319.0,0.0,2018-12-15 10:20:22 UTC,2018-12-15 10:20:22 UTC
705513,1523026800,RUNNERS,runners,0.000199,0.000281,0.000198,0.000207,1578.0,0.0,2018-12-15 10:20:22 UTC,2018-12-15 10:20:22 UTC
705514,1522940400,RUNNERS,runners,0.000271,0.000271,0.000196,0.000198,543.0,0.0,2018-12-15 10:20:22 UTC,2018-12-15 10:20:22 UTC
705515,1522854000,RUNNERS,runners,0.000272,0.000276,0.0002,0.000272,738.0,0.0,2018-12-15 10:20:22 UTC,2018-12-15 10:20:22 UTC
705516,1522767600,RUNNERS,runners,0.000297,0.000445,0.000203,0.000272,3499.0,0.0,2018-12-15 10:20:22 UTC,2018-12-15 10:20:22 UTC
705517,1522681200,RUNNERS,runners,0.000423,0.000663,0.000295,0.000297,33580.0,0.0,2018-12-15 10:20:22 UTC,2018-12-15 10:20:22 UTC
705518,1522594800,RUNNERS,runners,0.000137,0.000763,0.000136,0.000423,142525.0,0.0,2018-12-15 10:20:22 UTC,2018-12-15 10:20:22 UTC
705519,1522508400,RUNNERS,runners,0.000208,0.000278,0.000129,0.000136,123.0,0.0,2018-12-15 10:20:22 UTC,2018-12-15 10:20:22 UTC
705520,1522422000,RUNNERS,runners,0.000205,0.000216,0.000205,0.000208,21.0,0.0,2018-12-15 10:20:22 UTC,2018-12-15 10:20:22 UTC
705521,1522335600,RUNNERS,runners,0.000213,0.000216,0.000132,0.000205,304.0,0.0,2018-12-15 10:20:22 UTC,2018-12-15 10:20:22 UTC
705522,1522249200,RUNNERS,runners,0.000238,0.000239,0.000207,0.000213,2.0,0.0,2018-12-15 10:20:22 UTC,2018-12-15 10:20:22 UTC
705523,1522162800,RUNNERS,runners,0.000234,0.000324,0.000232,0.000238,36.0,0.0,2018-12-15 10:20:22 UTC,2018-12-15 10:20:22 UTC
705524,1522076400,RUNNERS,runners,0.000245,0.000325,0.000155,0.000234,902.0,0.0,2018-12-15 10:20:22 UTC,2018-12-15 10:20:22 UTC
705525,1521990000,RUNNERS,runners,0.000338,0.000338,0.000338,0.000338,7.0,0.0,2018-12-15 10:20:22 UTC,2018-12-15 10:20:22 UTC
705526,1521903600,RUNNERS,runners,0.00034,0.000347,0.000335,0.000338,7.0,0.0,2018-12-15 10:20:22 UTC,2018-12-15 10:20:22 UTC
705527,1521817200,RUNNERS,runners,0.000356,0.00036,0.000344,0.000345,1.0,0.0,2018-12-15 10:20:22 UTC,2018-12-15 10:20:22 UTC
705528,1521730800,RUNNERS,runners,0.000261,0.000351,0.000251,0.000351,11.0,0.0,2018-12-15 10:20:22 UTC,2018-12-15 10:20:22 UTC
705529,1521644400,RUNNERS,runners,0.000356,0.000363,0.00026,0.000261,25.0,0.0,2018-12-15 10:20:22 UTC,2018-12-15 10:20:22 UTC
705530,1521558000,RUNNERS,runners,0.000445,0.000455,0.000264,0.000356,15.0,0.0,2018-12-15 10:20:22 UTC,2018-12-15 10:20:22 UTC
705531,1521471600,RUNNERS,runners,0.000431,0.000451,0.000417,0.000444,215.0,0.0,2018-12-15 10:20:22 UTC,2018-12-15 10:20:22 UTC
705532,1521385200,RUNNERS,runners,0.00041,0.000517,0.000407,0.000426,45.0,0.0,2018-12-15 10:20:22 UTC,2018-12-15 10:20:22 UTC
705533,1521298800,RUNNERS,runners,0.000384,0.000416,0.000366,0.000411,195.0,0.0,2018-12-15 10:20:22 UTC,2018-12-15 10:20:22 UTC
705534,1521212400,RUNNERS,runners,0.000332,0.000332,0.000329,0.00033,13.0,0.0,2018-12-15 10:20:22 UTC,2018-12-15 10:20:22 UTC
705535,1521126000,RUNNERS,runners,0.00033,0.000343,0.000318,0.000332,14.0,0.0,2018-12-15 10:20:22 UTC,2018-12-15 10:20:22 UTC
705536,1521039600,RUNNERS,runners,0.000328,0.000336,0.000308,0.000323,19.0,0.0,2018-12-15 10:20:22 UTC,2018-12-15 10:20:22 UTC
705537,1520953200,RUNNERS,runners,0.000274,0.000465,0.000274,0.000328,40.0,0.0,2018-12-15 10:20:22 UTC,2018-12-15 10:20:22 UTC
705538,1520866800,RUNNERS,runners,0.000364,0.000372,0.000266,0.000274,117.0,0.0,2018-12-15 10:20:22 UTC,2018-12-15 10:20:22 UTC
705539,1520780400,RUNNERS,runners,0.000382,0.000483,0.000352,0.000366,45.0,0.0,2018-12-15 10:20:22 UTC,2018-12-15 10:20:22 UTC
705540,1520694000,RUNNERS,runners,0.000351,0.000389,0.000339,0.000383,41.0,0.0,2018-12-15 10:20:22 UTC,2018-12-15 10:20:22 UTC
705541,1520607600,RUNNERS,runners,0.000556,0.000569,0.000349,0.000352,4.0,0.0,2018-12-15 10:20:22 UTC,2018-12-15 10:20:22 UTC
705542,1520521200,RUNNERS,runners,0.000465,0.000558,0.000419,0.000555,2.0,0.0,2018-12-15 10:20:22 UTC,2018-12-15 10:20:22 UTC
705543,1520434800,RUNNERS,runners,0.000495,0.000602,0.000383,0.000468,108.0,0.0,2018-12-15 10:20:22 UTC,2018-12-15 10:20:22 UTC
705544,1520348400,RUNNERS,runners,0.000536,0.000542,0.000423,0.000495,60.0,0.0,2018-12-15 10:20:22 UTC,2018-12-15 10:20:22 UTC
705545,1520262000,RUNNERS,runners,0.00046,0.000541,0.000424,0.000537,9.0,0.0,2018-12-15 10:20:22 UTC,2018-12-15 10:20:22 UTC
705546,1520175600,RUNNERS,runners,0.00046,0.000464,0.000457,0.000461,7.0,0.0,2018-12-15 10:20:22 UTC,2018-12-15 10:20:22 UTC
705547,1520089200,RUNNERS,runners,0.000572,0.000669,0.000444,0.00046,510.0,0.0,2018-12-15 10:20:22 UTC,2018-12-15 10:20:22 UTC
705548,1520002800,RUNNERS,runners,0.000551,0.000688,0.000551,0.000573,84.0,0.0,2018-12-15 10:20:22 UTC,2018-12-15 10:20:22 UTC
705549,1519916400,RUNNERS,runners,0.000545,0.000558,0.00054,0.000552,19.0,0.0,2018-12-15 10:20:22 UTC,2018-12-15 10:20:22 UTC
705550,1519830000,RUNNERS,runners,0.000723,0.00073,0.000515,0.000547,207.0,0.0,2018-12-15 10:20:22 UTC,2018-12-15 10:20:22 UTC
705551,1519743600,RUNNERS,runners,0.000533,0.00074,0.000521,0.000722,281.0,0.0,2018-12-15 10:20:22 UTC,2018-12-15 10:20:22 UTC
705552,1519657200,RUNNERS,runners,0.000825,0.000866,0.000426,0.000534,1664.0,0.0,2018-12-15 10:20:22 UTC,2018-12-15 10:20:22 UTC
705553,1519570800,RUNNERS,runners,0.000479,0.000823,0.000383,0.000823,2345.0,0.0,2018-12-15 10:20:22 UTC,2018-12-15 10:20:22 UTC
705554,1519484400,RUNNERS,runners,0.000485,0.000493,0.000466,0.000479,7.0,0.0,2018-12-15 10:20:22 UTC,2018-12-15 10:20:22 UTC
705555,1519398000,RUNNERS,runners,0.000609,0.00062,0.00047,0.000486,123.0,0.0,2018-12-15 10:20:22 UTC,2018-12-15 10:20:22 UTC
705556,1519311600,RUNNERS,runners,0.000591,0.00062,0.000485,0.00061,75.0,0.0,2018-12-15 10:20:22 UTC,2018-12-15 10:20:22 UTC
705557,1519225200,RUNNERS,runners,0.000628,0.000654,0.000494,0.000591,10.0,0.0,2018-12-15 10:20:22 UTC,2018-12-15 10:20:22 UTC
705558,1519138800,RUNNERS,runners,0.000673,0.000674,0.000556,0.000629,86.0,0.0,2018-12-15 10:20:22 UTC,2018-12-15 10:20:22 UTC
705559,1519052400,RUNNERS,runners,0.00067,0.000804,0.000569,0.000674,21709.0,0.0,2018-12-15 10:20:22 UTC,2018-12-15 10:20:22 UTC
705560,1518966000,RUNNERS,runners,0.000519,0.000674,0.000518,0.00067,21073.0,0.0,2018-12-15 10:20:22 UTC,2018-12-15 10:20:22 UTC
705561,1518879600,RUNNERS,runners,0.000555,0.000564,0.000511,0.000522,118.0,0.0,2018-12-15 10:20:22 UTC,2018-12-15 10:20:22 UTC
705562,1518793200,RUNNERS,runners,0.00051,0.000556,0.000503,0.000553,147.0,0.0,2018-12-15 10:20:22 UTC,2018-12-15 10:20:22 UTC
705563,1518706800,RUNNERS,runners,0.000505,0.000514,0.000487,0.00051,51.0,0.0,2018-12-15 10:20:22 UTC,2018-12-15 10:20:22 UTC
705564,1518620400,RUNNERS,runners,0.000474,0.000593,0.000468,0.000507,11.0,0.0,2018-12-15 10:20:22 UTC,2018-12-15 10:20:22 UTC
705565,1518534000,RUNNERS,runners,0.000425,0.000475,0.000425,0.000473,92.0,0.0,2018-12-15 10:20:22 UTC,2018-12-15 10:20:22 UTC
705566,1518447600,RUNNERS,runners,0.000445,0.000612,0.000424,0.000427,1592.0,0.0,2018-12-15 10:20:22 UTC,2018-12-15 10:20:22 UTC
705567,1518361200,RUNNERS,runners,0.000486,0.000798,0.000437,0.000622,2658.0,0.0,2018-12-15 10:20:22 UTC,2018-12-15 10:20:22 UTC
705568,1518274800,RUNNERS,runners,0.000427,0.000593,0.000393,0.000483,33.0,0.0,2018-12-15 10:20:22 UTC,2018-12-15 10:20:22 UTC
705569,1518188400,RUNNERS,runners,0.000608,0.000622,0.000409,0.000428,60.0,0.0,2018-12-15 10:20:22 UTC,2018-12-15 10:20:22 UTC
705570,1518102000,RUNNERS,runners,0.000495,0.00061,0.000389,0.000608,34.0,0.0,2018-12-15 10:20:22 UTC,2018-12-15 10:20:22 UTC
705571,1518015600,RUNNERS,runners,0.000455,0.000516,0.000394,0.000494,453.0,0.0,2018-12-15 10:20:22 UTC,2018-12-15 10:20:22 UTC
705572,1517929200,RUNNERS,runners,0.00054,0.000658,0.000433,0.000456,1878.0,0.0,2018-12-15 10:20:22 UTC,2018-12-15 10:20:22 UTC
705573,1517842800,RUNNERS,runners,0.000416,0.000553,0.000319,0.000545,63279.0,0.0,2018-12-15 10:20:22 UTC,2018-12-15 10:20:22 UTC
705574,1517756400,RUNNERS,runners,0.000493,0.000503,0.0004,0.000416,120.0,0.0,2018-12-15 10:20:22 UTC,2018-12-15 10:20:22 UTC
705575,1517670000,RUNNERS,runners,0.000555,0.00064,0.000476,0.000498,15.0,0.0,2018-12-15 10:20:22 UTC,2018-12-15 10:20:22 UTC
705576,1517583600,RUNNERS,runners,0.000532,0.000569,0.000492,0.000554,46.0,0.0,2018-12-15 10:20:22 UTC,2018-12-15 10:20:22 UTC
705577,1517497200,RUNNERS,runners,0.000545,0.000546,0.000463,0.00053,103.0,0.0,2018-12-15 10:20:22 UTC,2018-12-15 10:20:22 UTC
705578,1517410800,RUNNERS,runners,0.000712,0.000715,0.000519,0.000546,41.0,0.0,2018-12-15 10:20:22 UTC,2018-12-15 10:20:22 UTC
705579,1517324400,RUNNERS,runners,0.000701,0.000821,0.000675,0.00071,112.0,0.0,2018-12-15 10:20:22 UTC,2018-12-15 10:20:22 UTC
705580,1517238000,RUNNERS,runners,0.000784,0.000886,0.000688,0.0007,116.0,0.0,2018-12-15 10:20:22 UTC,2018-12-15 10:20:22 UTC
705581,1517151600,RUNNERS,runners,0.000812,0.000905,0.00077,0.000784,40.0,0.0,2018-12-15 10:20:22 UTC,2018-12-15 10:20:22 UTC
705582,1517065200,RUNNERS,runners,0.000913,0.000955,0.000797,0.000813,1437.0,0.0,2018-12-15 10:20:22 UTC,2018-12-15 10:20:22 UTC
705583,1516978800,RUNNERS,runners,0.000668,0.000925,0.000653,0.000909,123.0,0.0,2018-12-15 10:20:22 UTC,2018-12-15 10:20:22 UTC
705584,1516892400,RUNNERS,runners,0.000781,0.000788,0.000624,0.000668,34.0,0.0,2018-12-15 10:20:22 UTC,2018-12-15 10:20:22 UTC
705585,1516806000,RUNNERS,runners,0.000913,0.000923,0.000656,0.000783,106.0,0.0,2018-12-15 10:20:22 UTC,2018-12-15 10:20:22 UTC
705586,1516719600,RUNNERS,runners,0.000867,0.000904,0.000655,0.000898,2225.0,0.0,2018-12-15 10:20:22 UTC,2018-12-15 10:20:22 UTC
705587,1516633200,RUNNERS,runners,0.000758,0.000912,0.000716,0.000868,79.0,0.0,2018-12-15 10:20:22 UTC,2018-12-15 10:20:22 UTC
705588,1516546800,RUNNERS,runners,0.000813,0.000953,0.000635,0.00076,261.0,0.0,2018-12-15 10:20:22 UTC,2018-12-15 10:20:22 UTC
705589,1516460400,RUNNERS,runners,0.000833,0.000857,0.000679,0.000802,788.0,0.0,2018-12-15 10:20:22 UTC,2018-12-15 10:20:22 UTC
705590,1516374000,RUNNERS,runners,0.000581,0.00064,0.00058,0.000637,334.0,0.0,2018-12-15 10:20:22 UTC,2018-12-15 10:20:22 UTC
705591,1516287600,RUNNERS,runners,0.000677,0.000713,0.000556,0.000574,301.0,0.0,2018-12-15 10:20:22 UTC,2018-12-15 10:20:22 UTC
705592,1516201200,RUNNERS,runners,0.000557,0.000726,0.000545,0.000684,259.0,0.0,2018-12-15 10:20:22 UTC,2018-12-15 10:20:22 UTC
705593,1516114800,RUNNERS,runners,0.000571,0.00069,0.000372,0.000555,2632.0,0.0,2018-12-15 10:20:22 UTC,2018-12-15 10:20:22 UTC
705594,1516028400,RUNNERS,runners,0.00082,0.00082,0.000508,0.000574,527.0,0.0,2018-12-15 10:20:22 UTC,2018-12-15 10:20:22 UTC
705595,1515942000,RUNNERS,runners,0.000958,0.001139,0.000561,0.000819,1642.0,0.0,2018-12-15 10:20:22 UTC,2018-12-15 10:20:22 UTC
705596,1515855600,RUNNERS,runners,0.000862,0.001107,0.0007,0.000965,1960.0,0.0,2018-12-15 10:20:22 UTC,2018-12-15 10:20:22 UTC
705597,1515769200,RUNNERS,runners,0.000835,0.001023,0.000835,0.000861,3083.0,0.0,2018-12-15 10:20:22 UTC,2018-12-15 10:20:22 UTC
705598,1515682800,RUNNERS,runners,0.000675,0.000975,0.000655,0.000836,1525.0,0.0,2018-12-15 10:20:22 UTC,2018-12-15 10:20:22 UTC
705599,1515596400,RUNNERS,runners,0.000749,0.001048,0.000656,0.00067,893.0,0.0,2018-12-15 10:20:22 UTC,2018-12-15 10:20:22 UTC
705600,1515510000,RUNNERS,runners,0.001022,0.001039,0.000684,0.00075,2926.0,0.0,2018-12-15 10:20:22 UTC,2018-12-15 10:20:22 UTC
705601,1515423600,RUNNERS,runners,0.000904,0.001079,0.000752,0.001021,1893.0,0.0,2018-12-15 10:20:22 UTC,2018-12-15 10:20:22 UTC
705602,1515337200,RUNNERS,runners,0.000651,0.00091,0.000629,0.000906,4987.0,0.0,2018-12-15 10:20:22 UTC,2018-12-15 10:20:22 UTC
705603,1515250800,RUNNERS,runners,0.000688,0.000688,0.000332,0.000652,1505.0,0.0,2018-12-15 10:20:22 UTC,2018-12-15 10:20:22 UTC
705604,1515164400,RUNNERS,runners,0.000679,0.000689,0.000494,0.000689,798.0,0.0,2018-12-15 10:20:22 UTC,2018-12-15 10:20:22 UTC
705605,1515078000,RUNNERS,runners,0.000304,0.000685,0.000299,0.000679,1530.0,0.0,2018-12-15 10:20:22 UTC,2018-12-15 10:20:22 UTC
705606,1514991600,RUNNERS,runners,0.000456,0.000464,0.000289,0.000455,584.0,0.0,2018-12-15 10:20:22 UTC,2018-12-15 10:20:22 UTC
705607,1514905200,RUNNERS,runners,0.000445,0.000464,0.000302,0.000454,990.0,0.0,2018-12-15 10:20:22 UTC,2018-12-15 10:20:22 UTC
705608,1514818800,RUNNERS,runners,0.00027,0.000456,0.000261,0.000447,1023.0,0.0,2018-12-15 10:20:22 UTC,2018-12-15 10:20:22 UTC
705609,1514732400,RUNNERS,runners,0.00014,0.00028,0.000135,0.00027,59.0,0.0,2018-12-15 10:20:22 UTC,2018-12-15 10:20:22 UTC
705610,1514646000,RUNNERS,runners,0.000254,0.000285,0.000128,0.000139,626.0,0.0,2018-12-15 10:20:22 UTC,2018-12-15 10:20:22 UTC
705611,1514559600,RUNNERS,runners,0.00029,0.00029,0.000122,0.000257,89.0,0.0,2018-12-15 10:20:22 UTC,2018-12-15 10:20:22 UTC
705612,1514473200,RUNNERS,runners,0.000289,0.000303,0.000144,0.000291,421.0,0.0,2018-12-15 10:20:22 UTC,2018-12-15 10:20:22 UTC
705613,1514386800,RUNNERS,runners,0.000155,0.000291,0.000138,0.000286,25.0,0.0,2018-12-15 10:20:22 UTC,2018-12-15 10:20:22 UTC
705614,1514300400,RUNNERS,runners,0.000317,0.000331,0.000147,0.000155,401.0,0.0,2018-12-15 10:20:22 UTC,2018-12-15 10:20:22 UTC
705615,1514214000,RUNNERS,runners,0.000279,0.000322,0.00015,0.000317,927.0,0.0,2018-12-15 10:20:22 UTC,2018-12-15 10:20:22 UTC
705616,1514127600,RUNNERS,runners,0.000282,0.00029,0.000265,0.000279,74.0,0.0,2018-12-15 10:20:22 UTC,2018-12-15 10:20:22 UTC
705617,1514041200,RUNNERS,runners,0.000292,0.000292,0.000251,0.000279,1552.0,0.0,2018-12-15 10:20:22 UTC,2018-12-15 10:20:22 UTC
705618,1513954800,RUNNERS,runners,0.000276,0.000313,0.000136,0.000289,554.0,0.0,2018-12-15 10:20:22 UTC,2018-12-15 10:20:22 UTC
705619,1513868400,RUNNERS,runners,0.000157,0.000297,0.000134,0.000273,27.0,0.0,2018-12-15 10:20:22 UTC,2018-12-15 10:20:22 UTC
705620,1513782000,RUNNERS,runners,0.000165,0.000341,0.000152,0.000157,21.0,0.0,2018-12-15 10:20:22 UTC,2018-12-15 10:20:22 UTC
705621,1513695600,RUNNERS,runners,0.000176,0.000178,0.000158,0.000164,21.0,0.0,2018-12-15 10:20:22 UTC,2018-12-15 10:20:22 UTC
705622,1513609200,RUNNERS,runners,0.000382,0.000384,0.000176,0.000176,197.0,0.0,2018-12-15 10:20:22 UTC,2018-12-15 10:20:22 UTC
705623,1513522800,RUNNERS,runners,0.000191,0.000386,0.000183,0.000382,78.0,0.0,2018-12-15 10:20:22 UTC,2018-12-15 10:20:22 UTC
705624,1513436400,RUNNERS,runners,0.000198,0.000198,0.000189,0.000191,12.0,0.0,2018-12-15 10:20:22 UTC,2018-12-15 10:20:22 UTC
705625,1513350000,RUNNERS,runners,0.000176,0.000196,0.000174,0.000195,38.0,0.0,2018-12-15 10:20:22 UTC,2018-12-15 10:20:22 UTC
705626,1513263600,RUNNERS,runners,0.000166,0.000181,0.000166,0.000176,38.0,0.0,2018-12-15 10:20:22 UTC,2018-12-15 10:20:22 UTC
705627,1513177200,RUNNERS,runners,0.000164,0.000171,0.000162,0.000166,109.0,0.0,2018-12-15 10:20:22 UTC,2018-12-15 10:20:22 UTC
705628,1513090800,RUNNERS,runners,0.000173,0.000175,0.000159,0.000164,134.0,0.0,2018-12-15 10:20:22 UTC,2018-12-15 10:20:22 UTC
705629,1513004400,RUNNERS,runners,0.000168,0.000348,0.000164,0.000173,340.0,0.0,2018-12-15 10:20:22 UTC,2018-12-15 10:20:22 UTC
705630,1512918000,RUNNERS,runners,0.000152,0.000175,0.000152,0.000168,218.0,0.0,2018-12-15 10:20:22 UTC,2018-12-15 10:20:22 UTC
705631,1512831600,RUNNERS,runners,0.00015,0.000313,0.000132,0.000154,1068.0,0.0,2018-12-15 10:20:23 UTC,2018-12-15 10:20:23 UTC
705632,1512745200,RUNNERS,runners,0.000163,0.000165,0.000135,0.00015,710.0,0.0,2018-12-15 10:20:23 UTC,2018-12-15 10:20:23 UTC
705633,1512658800,RUNNERS,runners,0.000174,0.000176,0.000141,0.000163,8.0,0.0,2018-12-15 10:20:23 UTC,2018-12-15 10:20:23 UTC
705634,1512572400,RUNNERS,runners,0.000137,0.000173,0.000136,0.000173,357.0,0.0,2018-12-15 10:20:23 UTC,2018-12-15 10:20:23 UTC
705635,1512486000,RUNNERS,runners,0.000234,0.000257,0.000117,0.000138,153.0,0.0,2018-12-15 10:20:23 UTC,2018-12-15 10:20:23 UTC
705636,1512399600,RUNNERS,runners,0.000233,0.000238,0.00023,0.000235,322.0,0.0,2018-12-15 10:20:23 UTC,2018-12-15 10:20:23 UTC
705637,1512313200,RUNNERS,runners,0.000337,0.000348,0.000223,0.000233,13.0,0.0,2018-12-15 10:20:23 UTC,2018-12-15 10:20:23 UTC
705638,1512226800,RUNNERS,runners,0.000219,0.000336,0.000212,0.000336,189.0,0.0,2018-12-15 10:20:23 UTC,2018-12-15 10:20:23 UTC
705639,1512140400,RUNNERS,runners,0.000218,0.000224,0.000215,0.000218,47.0,0.0,2018-12-15 10:20:23 UTC,2018-12-15 10:20:23 UTC
705640,1512054000,RUNNERS,runners,0.0002,0.000219,0.000189,0.000218,7.0,0.0,2018-12-15 10:20:23 UTC,2018-12-15 10:20:23 UTC
705641,1511967600,RUNNERS,runners,0.000295,0.000321,0.000184,0.000201,1.0,0.0,2018-12-15 10:20:23 UTC,2018-12-15 10:20:23 UTC
705642,1511881200,RUNNERS,runners,0.000397,0.000417,0.000273,0.00029,294.0,0.0,2018-12-15 10:20:23 UTC,2018-12-15 10:20:23 UTC
705643,1511794800,RUNNERS,runners,0.000293,0.000399,0.000193,0.000398,270.0,0.0,2018-12-15 10:20:23 UTC,2018-12-15 10:20:23 UTC
705644,1511708400,RUNNERS,runners,0.00028,0.000292,0.00019,0.000292,171.0,0.0,2018-12-15 10:20:23 UTC,2018-12-15 10:20:23 UTC
705645,1511622000,RUNNERS,runners,0.000175,0.000381,0.000175,0.000279,265.0,0.0,2018-12-15 10:20:23 UTC,2018-12-15 10:20:23 UTC
705646,1511535600,RUNNERS,runners,0.000164,0.000258,0.000163,0.000175,78.0,0.0,2018-12-15 10:20:23 UTC,2018-12-15 10:20:23 UTC
705647,1511449200,RUNNERS,runners,0.000161,0.000167,0.000158,0.000165,34.0,0.0,2018-12-15 10:20:23 UTC,2018-12-15 10:20:23 UTC
705648,1511362800,RUNNERS,runners,0.000247,0.000248,0.000161,0.000161,1065.0,0.0,2018-12-15 10:20:23 UTC,2018-12-15 10:20:23 UTC
705649,1511276400,RUNNERS,runners,0.000243,0.000249,0.000242,0.000247,924.0,0.0,2018-12-15 10:20:23 UTC,2018-12-15 10:20:23 UTC
705650,1511190000,RUNNERS,runners,0.000247,0.000251,0.000234,0.000243,1618.0,0.0,2018-12-15 10:20:23 UTC,2018-12-15 10:20:23 UTC
705651,1511103600,RUNNERS,runners,0.000322,0.00033,0.000241,0.000247,1497.0,0.0,2018-12-15 10:20:23 UTC,2018-12-15 10:20:23 UTC
705652,1511017200,RUNNERS,runners,0.000234,0.000389,0.000231,0.000322,77946.0,0.0,2018-12-15 10:20:23 UTC,2018-12-15 10:20:23 UTC
705653,1510930800,RUNNERS,runners,0.000231,0.000389,0.000224,0.000234,87600.0,0.0,2018-12-15 10:20:23 UTC,2018-12-15 10:20:23 UTC
705654,1510844400,RUNNERS,runners,0.000235,0.000319,0.000227,0.000231,240.0,0.0,2018-12-15 10:20:23 UTC,2018-12-15 10:20:23 UTC
705655,1510758000,RUNNERS,runners,0.000219,0.000301,0.000214,0.000236,240.0,0.0,2018-12-15 10:20:23 UTC,2018-12-15 10:20:23 UTC
705656,1510671600,RUNNERS,runners,0.000264,0.000366,0.000216,0.000218,476.0,0.0,2018-12-15 10:20:23 UTC,2018-12-15 10:20:23 UTC
705657,1510585200,RUNNERS,runners,0.000327,0.000336,0.000257,0.000264,661.0,0.0,2018-12-15 10:20:23 UTC,2018-12-15 10:20:23 UTC
705658,1510498800,RUNNERS,runners,0.000235,0.000393,0.000192,0.000326,11754.0,0.0,2018-12-15 10:20:23 UTC,2018-12-15 10:20:23 UTC
705659,1510412400,RUNNERS,runners,0.000254,0.000322,0.000221,0.000234,194.0,0.0,2018-12-15 10:20:23 UTC,2018-12-15 10:20:23 UTC
705660,1510326000,RUNNERS,runners,0.000394,0.000399,0.000249,0.000255,2437.0,0.0,2018-12-15 10:20:23 UTC,2018-12-15 10:20:23 UTC
705661,1510239600,RUNNERS,runners,0.000285,0.00044,0.000261,0.000396,1777.0,0.0,2018-12-15 10:20:23 UTC,2018-12-15 10:20:23 UTC
705662,1510153200,RUNNERS,runners,0.000224,0.000568,0.000219,0.000284,11684.0,0.0,2018-12-15 10:20:23 UTC,2018-12-15 10:20:23 UTC
705663,1510066800,RUNNERS,runners,0.000285,0.000314,0.000217,0.000224,393.0,0.0,2018-12-15 10:20:23 UTC,2018-12-15 10:20:23 UTC
705664,1509980400,RUNNERS,runners,0.000278,0.000361,0.000278,0.000286,740.0,0.0,2018-12-15 10:20:23 UTC,2018-12-15 10:20:23 UTC
705665,1509894000,RUNNERS,runners,0.000296,0.000428,0.000218,0.000279,918.0,0.0,2018-12-15 10:20:23 UTC,2018-12-15 10:20:23 UTC
705666,1509807600,RUNNERS,runners,0.000148,0.000304,0.000146,0.000295,100.0,0.0,2018-12-15 10:20:23 UTC,2018-12-15 10:20:23 UTC
705667,1509721200,RUNNERS,runners,0.000215,0.000218,0.000144,0.000148,52.0,0.0,2018-12-15 10:20:23 UTC,2018-12-15 10:20:23 UTC
705668,1509634800,RUNNERS,runners,0.000281,0.000282,0.000143,0.000216,319.0,0.0,2018-12-15 10:20:23 UTC,2018-12-15 10:20:23 UTC
705669,1509548400,RUNNERS,runners,0.000269,0.000366,0.000206,0.000281,361.0,0.0,2018-12-15 10:20:23 UTC,2018-12-15 10:20:23 UTC
705670,1509462000,RUNNERS,runners,0.000387,0.000394,0.000259,0.000269,4181.0,0.0,2018-12-15 10:20:23 UTC,2018-12-15 10:20:23 UTC
705671,1509375600,RUNNERS,runners,0.000429,0.000512,0.000366,0.000387,1333.0,0.0,2018-12-15 10:20:23 UTC,2018-12-15 10:20:23 UTC
705672,1509289200,RUNNERS,runners,0.000493,0.000494,0.000362,0.00043,57942.0,0.0,2018-12-15 10:20:23 UTC,2018-12-15 10:20:23 UTC
705673,1509202800,RUNNERS,runners,0.000458,0.000538,0.000343,0.000495,68907.0,0.0,2018-12-15 10:20:23 UTC,2018-12-15 10:20:23 UTC
705674,1509116400,RUNNERS,runners,0.000288,0.000803,0.000227,0.000459,138056.0,0.0,2018-12-15 10:20:23 UTC,2018-12-15 10:20:23 UTC
705675,1509030000,RUNNERS,runners,0.000235,0.000347,0.000232,0.000287,695.0,0.0,2018-12-15 10:20:23 UTC,2018-12-15 10:20:23 UTC
705676,1508943600,RUNNERS,runners,0.000287,0.000419,0.000228,0.000235,1544.0,0.0,2018-12-15 10:20:23 UTC,2018-12-15 10:20:23 UTC
705677,1508857200,RUNNERS,runners,0.000221,0.000287,0.000215,0.000287,513.0,0.0,2018-12-15 10:20:23 UTC,2018-12-15 10:20:23 UTC
705678,1508770800,RUNNERS,runners,0.000293,0.000403,0.000219,0.000221,632.0,0.0,2018-12-15 10:20:23 UTC,2018-12-15 10:20:23 UTC
705679,1508684400,RUNNERS,runners,0.000598,0.000655,0.000237,0.000294,4817.0,0.0,2018-12-15 10:20:23 UTC,2018-12-15 10:20:23 UTC
705680,1508598000,RUNNERS,runners,0.000418,0.00066,0.000416,0.000599,16264.0,0.0,2018-12-15 10:20:23 UTC,2018-12-15 10:20:23 UTC
